elapsed, window, n, min, mean, median, 95th, 99th, 99_9th, max, errors
1.008166, 1.008166, 151297, 0, 15.6, 10, 17, 22, 3896, 11868, 0
2.770337, 1.762171, 42026, 0, 19.1, 10, 16, 22, 2017, 408619, 0
3.586183, 0.815846, 59424, 0, 18.8, 9, 13, 22, 2018, 408619, 0
4.694414, 1.108231, 22643, 5, 15.6, 9, 13, 22, 2109, 8098, 0
5.192671, 0.498257, 45465, 0, 13.5, 9, 12, 21, 3183, 7817, 0
6.005898, 0.813227, 60984, 0, 13.8, 10, 14, 22, 2398, 14668, 0
7.044339, 1.038441, 68856, 0, 14.5, 10, 16, 23, 2761, 14668, 0
8.260296, 1.215957, 45701, 5, 16.5, 10, 16, 24, 3765, 10967, 0
9.288032, 1.027736, 37706, 5, 19.9, 10, 16, 24, 3714, 336191, 0
10.279971, 0.991939, 35141, 0, 16.1, 10, 16, 26, 3393, 11689, 0
11.036595, 0.756624, 31747, 0, 16.7, 10, 16, 27, 3778, 14195, 0
12.007112, 0.970517, 40765, 5, 17.7, 11, 16, 28, 4250, 24328, 0
13.009316, 1.002204, 52829, 6, 18.4, 12, 18, 27, 4289, 24328, 0
14.007856, 0.99854, 46666, 0, 18.2, 12, 18, 27, 4332, 21859, 0
15.007461, 0.999605, 32057, 0, 21.1, 11, 14, 25, 3611, 373533, 0
16.005971, 0.99851, 60345, 0, 19.8, 10, 12, 23, 3437, 373533, 0
17.007355, 1.001384, 48452, 0, 15.3, 10, 12, 23, 3372, 11483, 0
18.048775, 1.04142, 37444, 0, 17.7, 11, 13, 24, 3464, 11483, 0
19.00942, 0.960645, 40833, 0, 22.9, 10, 16, 25, 2586, 496345, 0
20.008695, 0.999275, 42875, 0, 23.5, 10, 16, 25, 2634, 496345, 0
21.009985, 1.00129, 52670, 0, 15.6, 10, 15, 24, 2599, 23493, 0
22.012367, 1.002382, 38297, 0, 15.5, 10, 16, 25, 2558, 8788, 0
23.008714, 0.996347, 52849, 0, 21.6, 11, 15, 25, 2622, 411786, 0
24.008819, 1.000105, 54178, 5, 27.6, 11, 15, 25, 2389, 565276, 0
25.080366, 1.071547, 52189, 0, 27.3, 12, 18, 26, 2195, 612093, 0
26.109795, 1.029429, 25219, 6, 45.6, 11, 18, 29, 2391, 612093, 0
27.011987, 0.902192, 29458, 6, 41.1, 11, 18, 30, 2913, 612093, 0
28.010585, 0.998598, 42771, 6, 31.2, 12, 18, 29, 2872, 525283, 0
29.010477, 0.999892, 40243, 0, 28.9, 12, 18, 28, 2630, 451645, 0
30.011235, 1.000758, 55046, 0, 29.1, 11, 17, 27, 2650, 451645, 0
31.009137, 0.997902, 64229, 0, 16.4, 11, 17, 26, 2097, 9591, 0
32.098664, 1.089527, 34952, 6, 16.4, 11, 17, 25, 2212, 12813, 0
33.008697, 0.910033, 44493, 0, 19.6, 11, 17, 25, 2325, 289494, 0
34.010005, 1.001308, 33321, 0, 20.2, 10, 16, 25, 2628, 289494, 0
35.008557, 0.998552, 56865, 0, 20.9, 10, 16, 26, 2605, 373359, 0
36.008502, 0.999945, 41690, 0, 26.1, 11, 17, 27, 2249, 419458, 0
37.007486, 0.998984, 42566, 0, 29.4, 11, 17, 26, 2506, 486227, 0
38.011527, 1.004041, 41724, 0, 24.5, 10, 16, 26, 2803, 486227, 0
39.007001, 0.995474, 29707, 5, 17.6, 10, 17, 28, 2654, 9355, 0
40.006235, 0.999234, 68796, 5, 16.6, 10, 17, 27, 2481, 9355, 0
41.009844, 1.003609, 70609, 0, 20.8, 11, 17, 26, 2115, 461087, 0
42.222237, 1.212393, 45620, 0, 16.5, 11, 17, 25, 2075, 13269, 0
43.124131, 0.901894, 56355, 0, 16.7, 11, 17, 25, 2133, 13269, 0
44.259458, 1.135327, 41268, 0, 16.6, 11, 17, 25, 2147, 9009, 0
45.104735, 0.845277, 40632, 0, 16.1, 10, 16, 24, 2269, 9009, 0
46.00871, 0.903975, 50809, 3, 15.5, 10, 17, 24, 2176, 10783, 0
47.010164, 1.001454, 62707, 3, 16.6, 11, 17, 25, 2067, 23623, 0
48.169116, 1.158952, 39287, 0, 26.8, 11, 17, 26, 2175, 491866, 0
49.011065, 0.841949, 34245, 0, 23.0, 11, 17, 25, 2299, 491866, 0
50.00805, 0.996985, 46206, 0, 21.6, 9, 14, 24, 2706, 491866, 0
51.012945, 1.004895, 38560, 0, 16.3, 10, 16, 27, 2777, 10408, 0
52.007467, 0.994522, 39577, 0, 17.6, 12, 18, 28, 2515, 10408, 0
53.012966, 1.005499, 42746, 0, 21.7, 11, 18, 28, 2355, 363851, 0
54.01095, 0.997984, 47900, 1, 21.9, 11, 17, 29, 2684, 363851, 0
55.008529, 0.997579, 56583, 0, 21.1, 11, 17, 25, 2254, 437272, 0
56.075767, 1.067238, 37936, 0, 23.4, 11, 17, 27, 2634, 437272, 0
57.109282, 1.033515, 30355, 0, 18.9, 11, 17, 28, 2834, 18082, 0
58.011463, 0.902181, 66267, 0, 21.1, 11, 16, 26, 2497, 334913, 0
59.124938, 1.113475, 59150, 0, 19.4, 11, 16, 25, 2249, 334913, 0
60.267288, 1.14235, 46275, 5, 23.8, 11, 14, 24, 2197, 509974, 0
61.190784, 0.923496, 46925, 0, 34.9, 10, 16, 24, 2128, 509974, 0
62.060009, 0.869225, 61042, 0, 30.2, 10, 16, 24, 2102, 509974, 0
63.193575, 1.133566, 39737, 0, 16.2, 11, 17, 26, 2052, 13589, 0
64.033127, 0.839552, 52485, 0, 20.2, 11, 17, 26, 2106, 385353, 0
65.060013, 1.026886, 57688, 0, 20.0, 11, 17, 25, 2093, 385353, 0
66.126977, 1.066964, 48612, 0, 26.2, 10, 16, 24, 2093, 654108, 0
67.244641, 1.117664, 43226, 0, 17.4, 11, 17, 26, 2210, 11691, 0
68.093864, 0.849223, 52846, 0, 17.4, 11, 17, 26, 2211, 11691, 0
69.154192, 1.060328, 38454, 6, 16.9, 11, 17, 24, 2390, 3267, 0
70.027989, 0.873797, 35438, 6, 17.5, 11, 16, 24, 2528, 26232, 0
71.009976, 0.981987, 30095, 0, 18.2, 11, 16, 25, 2657, 26232, 0
72.009171, 0.999195, 25275, 6, 19.0, 11, 17, 29, 3372, 25694, 0
73.012675, 1.003504, 44876, 0, 19.8, 12, 19, 32, 3304, 25694, 0
74.010079, 0.997404, 36986, 0, 20.4, 12, 19, 32, 3196, 19824, 0
75.009039, 0.99896, 52667, 0, 18.2, 12, 19, 29, 2496, 5898, 0
76.008767, 0.999728, 66423, 0, 21.5, 11, 18, 26, 2194, 467547, 0
77.124806, 1.116039, 67896, 0, 20.3, 11, 17, 25, 2116, 467547, 0
78.393687, 1.268881, 62920, 0, 26.0, 10, 16, 24, 2074, 762232, 0
79.56377, 1.170083, 69881, 0, 15.5, 10, 16, 24, 2023, 20721, 0
80.880591, 1.316821, 54221, 0, 15.2, 10, 16, 24, 2010, 20721, 0
81.90737, 1.026779, 45866, 0, 20.7, 11, 16, 25, 2021, 522458, 0
83.069317, 1.161947, 48465, 0, 28.6, 11, 17, 26, 2497, 522458, 0
84.110261, 1.040944, 44387, 5, 28.9, 11, 17, 25, 2239, 558490, 0
85.043633, 0.933372, 36309, 0, 34.6, 11, 18, 27, 2275, 558490, 0
86.009742, 0.966109, 32843, 0, 39.9, 10, 17, 29, 2790, 538229, 0
87.012329, 1.002587, 43216, 0, 28.5, 10, 17, 26, 2640, 503865, 0
88.006334, 0.994005, 44553, 0, 22.5, 10, 17, 27, 2777, 438059, 0
89.005692, 0.999358, 52830, 0, 17.5, 10, 15, 26, 2668, 22213, 0
90.010351, 1.004659, 62349, 0, 21.9, 11, 16, 26, 2278, 501782, 0
91.20295, 1.192599, 24481, 6, 44.1, 11, 17, 31, 2513, 709276, 0
92.010226, 0.807276, 35672, 6, 33.8, 11, 15, 30, 2660, 709276, 0
93.010015, 0.999789, 43737, 0, 23.5, 11, 14, 29, 2740, 467935, 0
94.008708, 0.998693, 39618, 0, 17.1, 11, 17, 31, 2618, 10619, 0
95.011261, 1.002553, 26608, 5, 16.9, 11, 14, 28, 2882, 10619, 0
96.012002, 1.000741, 43824, 5, 17.1, 10, 16, 27, 2871, 17462, 0
97.009853, 0.997851, 48938, 0, 25.3, 11, 18, 27, 2708, 647435, 0
98.010462, 1.000609, 48895, 5, 25.7, 11, 18, 28, 2638, 647435, 0
99.011832, 1.00137, 29822, 0, 17.1, 11, 17, 28, 2573, 6348, 0
100.007507, 0.995675, 41873, 0, 16.5, 10, 16, 26, 2751, 17800, 0
101.010408, 1.002901, 56527, 0, 16.5, 11, 16, 26, 2577, 17800, 0
102.010138, 0.99973, 45351, 2, 16.7, 11, 17, 26, 2145, 16887, 0
103.009416, 0.999278, 57354, 2, 15.3, 10, 16, 24, 2113, 9382, 0
104.008046, 0.99863, 42934, 0, 14.9, 10, 16, 24, 2079, 6498, 0
105.007205, 0.999159, 68487, 0, 19.6, 10, 17, 25, 2074, 420006, 0
106.150442, 1.143237, 49102, 0, 25.4, 11, 15, 24, 2086, 514655, 0
107.072131, 0.921689, 50078, 0, 21.9, 11, 13, 24, 2109, 514655, 0
108.257406, 1.185275, 34699, 6, 16.4, 11, 13, 26, 2463, 9384, 0
109.014002, 0.756596, 35582, 6, 16.5, 10, 13, 25, 2495, 9384, 0
110.011656, 0.997654, 59943, 0, 25.7, 11, 13, 25, 2442, 439845, 0
111.02267, 1.011014, 54962, 0, 24.9, 10, 13, 24, 2131, 439845, 0
112.049189, 1.026519, 66654, 2, 15.1, 10, 12, 24, 1998, 10635, 0
113.273469, 1.22428, 56862, 0, 16.5, 10, 15, 24, 2141, 10140, 0
114.360538, 1.087069, 58566, 6, 25.0, 11, 16, 25, 2094, 657118, 0
115.523156, 1.162618, 52915, 0, 24.6, 10, 16, 24, 2139, 657118, 0
116.639735, 1.116579, 31575, 5, 15.3, 10, 15, 24, 2148, 9664, 0
117.292191, 0.652456, 40695, 0, 15.2, 10, 15, 23, 2487, 9644, 0
118.09959, 0.807399, 57032, 0, 15.7, 10, 16, 24, 2180, 26183, 0
119.15913, 1.05954, 47210, 0, 17.3, 11, 16, 25, 2141, 25147, 0
120.088976, 0.929846, 43447, 0, 16.8, 10, 15, 24, 2243, 25147, 0
121.015006, 0.92603, 40426, 0, 16.1, 10, 13, 24, 2290, 19957, 0
122.01065, 0.995644, 38913, 0, 17.4, 10, 14, 25, 2595, 19957, 0
123.012168, 1.001518, 46237, 0, 18.5, 11, 15, 26, 2792, 18137, 0
124.012232, 1.000064, 62715, 0, 16.6, 11, 17, 25, 2225, 18137, 0
125.10807, 1.095838, 67027, 0, 21.8, 11, 17, 25, 2122, 606218, 0
126.354528, 1.246458, 60395, 0, 15.4, 10, 16, 24, 2054, 12428, 0
127.506314, 1.151786, 57652, 6, 16.3, 11, 16, 25, 2100, 12896, 0
128.61188, 1.105566, 57729, 0, 15.8, 11, 17, 25, 2100, 12921, 0
129.841383, 1.229503, 32330, 6, 16.7, 11, 17, 25, 2227, 28961, 0
130.618753, 0.77737, 51468, 5, 17.0, 11, 16, 25, 2409, 28961, 0
131.693241, 1.074488, 37209, 5, 16.8, 11, 18, 29, 2236, 11794, 0
132.501657, 0.808416, 54220, 0, 31.6, 11, 18, 31, 2209, 612649, 0
133.620202, 1.118545, 48086, 0, 26.6, 11, 18, 31, 2541, 612649, 0
134.78967, 1.169468, 36628, 0, 18.7, 11, 18, 31, 2760, 14615, 0
135.568567, 0.778897, 45501, 0, 17.9, 11, 18, 28, 2460, 14615, 0
136.552153, 0.983586, 46647, 0, 16.3, 11, 17, 28, 2229, 24733, 0
137.46303, 0.910877, 63758, 0, 15.8, 11, 17, 24, 2037, 24733, 0
138.623662, 1.160632, 66438, 0, 23.4, 10, 16, 24, 2053, 683232, 0
139.919739, 1.296077, 56596, 0, 23.4, 10, 16, 24, 2102, 683232, 0
140.916505, 0.996766, 63869, 5, 15.9, 10, 16, 24, 1969, 25816, 0
142.084647, 1.168142, 73272, 5, 20.6, 10, 17, 24, 1983, 520056, 0
143.431613, 1.346966, 61548, 0, 16.6, 11, 17, 25, 2074, 29680, 0
144.630569, 1.198956, 28388, 5, 23.9, 11, 16, 24, 2120, 500840, 0
145.262922, 0.632353, 48472, 1, 20.1, 9, 14, 22, 2433, 306748, 0
146.192225, 0.929303, 40898, 6, 25.4, 11, 16, 25, 2176, 482214, 0
147.080879, 0.888654, 36087, 0, 26.9, 11, 15, 25, 2315, 482214, 0
148.01143, 0.930551, 46774, 0, 27.2, 11, 13, 24, 2308, 482214, 0
149.007907, 0.996477, 63670, 4, 15.7, 10, 16, 24, 2086, 21557, 0
150.067812, 1.059905, 40323, 4, 15.2, 10, 16, 24, 2051, 21557, 0
151.008798, 0.940986, 31243, 0, 14.0, 10, 15, 24, 2449, 11623, 0
152.007687, 0.998889, 68601, 0, 14.6, 10, 15, 25, 2508, 10271, 0
153.009803, 1.002116, 66088, 0, 16.2, 11, 18, 26, 2062, 15763, 0
154.216891, 1.207088, 50377, 6, 27.9, 11, 17, 25, 2088, 691433, 0
155.11334, 0.896449, 51437, 6, 15.4, 10, 17, 24, 1991, 12646, 0
156.040085, 0.926745, 70952, 0, 15.4, 10, 17, 24, 1988, 12646, 0
157.318213, 1.278128, 45276, 6, 16.1, 11, 17, 25, 2048, 12946, 0
158.217104, 0.898891, 44377, 0, 16.9, 10, 16, 25, 2612, 18812, 0
159.096714, 0.87961, 58380, 0, 16.4, 11, 16, 25, 2170, 18812, 0
160.217329, 1.120615, 48871, 0, 16.6, 11, 16, 25, 2171, 3645, 0
161.162794, 0.945465, 47200, 5, 25.6, 11, 17, 26, 2166, 501714, 0
162.078115, 0.915321, 67488, 0, 21.0, 11, 17, 26, 2118, 501714, 0
163.33011, 1.251995, 29068, 5, 16.9, 10, 16, 24, 2308, 20318, 0
164.115787, 0.785677, 50370, 5, 16.8, 10, 16, 24, 2366, 20318, 0
165.085784, 0.969997, 53754, 5, 16.5, 10, 16, 23, 2170, 27183, 0
166.050147, 0.964363, 66690, 0, 15.6, 10, 17, 24, 1999, 27183, 0
167.279916, 1.229769, 54796, 1, 17.8, 11, 17, 26, 2138, 30356, 0
168.297833, 1.017917, 56677, 1, 25.2, 11, 17, 25, 3678, 548656, 0
169.346342, 1.048509, 59591, 0, 23.5, 11, 17, 25, 3339, 548656, 0
170.420133, 1.073791, 39806, 5, 16.2, 10, 16, 24, 2295, 13043, 0
171.232901, 0.812768, 53994, 5, 16.9, 10, 17, 25, 2058, 31590, 0
172.202901, 0.97, 50909, 5, 16.4, 11, 17, 25, 2114, 13176, 0
173.178248, 0.975347, 44259, 0, 16.4, 11, 17, 25, 2054, 30355, 0
174.128185, 0.949937, 48746, 0, 17.1, 11, 17, 25, 2250, 30355, 0
175.141202, 1.013017, 45322, 0, 22.7, 11, 17, 25, 2279, 457600, 0
176.184699, 1.043497, 50603, 0, 22.9, 10, 16, 25, 2619, 457600, 0
177.296182, 1.111483, 43414, 0, 15.5, 11, 16, 24, 2068, 8448, 0
178.118467, 0.822285, 42555, 0, 15.1, 10, 15, 24, 2117, 8448, 0
179.063537, 0.94507, 31030, 1, 15.3, 10, 16, 24, 2347, 7928, 0
180.007123, 0.943586, 52329, 1, 16.7, 10, 16, 25, 2546, 8423, 0
181.005952, 0.998829, 32987, 6, 17.1, 10, 17, 25, 2718, 8423, 0
181.774402, 0.76845, 590, 5, 18.2, 10, 17, 26, 2690, 9181, 0
