elapsed, window, n, min, mean, median, 95th, 99th, 99_9th, max, errors
1.001344, 1.001344, 252417, 1, 4.8, 2, 4, 9, 33, 4393, 0
2.313831, 1.312487, 179209, 0, 6.5, 2, 3, 7, 1019, 396508, 0
3.781928, 1.468097, 159154, 1, 4.8, 2, 3, 7, 953, 8498, 0
5.07242, 1.290492, 141384, 0, 4.7, 2, 3, 7, 926, 14232, 0
6.191901, 1.119481, 148634, 0, 4.6, 2, 3, 7, 928, 13190, 0
7.446698, 1.254797, 118843, 0, 5.0, 2, 3, 7, 980, 15003, 0
8.48548, 1.038782, 132612, 1, 4.7, 2, 3, 7, 872, 21012, 0
9.553911, 1.068431, 144223, 0, 4.9, 2, 3, 7, 901, 21104, 0
10.727801, 1.17389, 163127, 0, 5.2, 2, 3, 7, 960, 34332, 0
12.104812, 1.377011, 161564, 0, 5.3, 2, 3, 7, 961, 34332, 0
13.411502, 1.30669, 164698, 0, 5.1, 2, 3, 7, 949, 27263, 0
14.818936, 1.407434, 189373, 0, 5.7, 3, 4, 7, 1326, 24504, 0
16.664733, 1.845797, 124834, 0, 5.7, 3, 4, 7, 1412, 29286, 0
17.819005, 1.154272, 173152, 1, 7.8, 2, 4, 7, 977, 496788, 0
19.298566, 1.479561, 169879, 1, 4.5, 2, 3, 7, 897, 5648, 0
20.679, 1.380434, 144515, 1, 4.6, 2, 3, 7, 917, 3210, 0
21.919225, 1.240225, 198061, 0, 4.6, 2, 3, 7, 924, 14193, 0
23.575134, 1.655909, 181936, 0, 5.4, 2, 3, 8, 1055, 42541, 0
25.217672, 1.642538, 146365, 0, 5.3, 2, 3, 8, 1065, 42541, 0
26.496054, 1.278382, 139814, 0, 5.3, 2, 4, 7, 1207, 23544, 0
27.673382, 1.177328, 151249, 0, 4.7, 2, 3, 7, 944, 8632, 0
28.968465, 1.295083, 132013, 1, 4.7, 2, 3, 7, 960, 3223, 0
30.066907, 1.098442, 142591, 0, 4.9, 2, 3, 7, 944, 27763, 0
31.281256, 1.214349, 164367, 0, 5.0, 2, 4, 7, 965, 7468, 0
32.651507, 1.370251, 185605, 1, 8.1, 2, 4, 7, 1006, 501806, 0
34.235673, 1.584166, 175281, 0, 5.3, 2, 3, 7, 1029, 43521, 0
35.759295, 1.523622, 145157, 0, 5.1, 2, 3, 7, 1005, 8542, 0
37.098018, 1.338723, 135945, 0, 5.3, 3, 4, 7, 1024, 31652, 0
38.250311, 1.152293, 158840, 0, 5.1, 2, 4, 8, 1004, 13692, 0
39.615982, 1.365671, 134754, 0, 5.2, 2, 4, 7, 1004, 14601, 0
40.809201, 1.193219, 169454, 0, 5.3, 2, 3, 7, 1004, 21546, 0
42.287109, 1.477908, 150319, 0, 5.3, 2, 4, 7, 1009, 20029, 0
43.62586, 1.338751, 154792, 1, 5.4, 3, 4, 7, 1037, 16645, 0
44.973463, 1.347603, 111717, 0, 5.1, 2, 4, 7, 1031, 7125, 0
45.997906, 1.024443, 137094, 0, 5.3, 2, 4, 8, 1020, 23367, 0
47.161944, 1.164038, 161541, 0, 4.9, 2, 4, 7, 950, 6898, 0
48.518043, 1.356099, 153923, 0, 5.1, 2, 4, 7, 949, 13818, 0
49.866184, 1.348141, 212323, 1, 7.3, 2, 4, 7, 1000, 491546, 0
51.660456, 1.794272, 142893, 0, 5.2, 2, 4, 7, 1006, 16324, 0
52.922917, 1.262461, 128172, 0, 5.1, 2, 4, 7, 1015, 18096, 0
54.010364, 1.087447, 147723, 0, 5.3, 2, 4, 7, 996, 32868, 0
55.277469, 1.267105, 144151, 1, 5.6, 2, 4, 7, 1022, 35787, 0
56.492597, 1.215128, 162975, 1, 4.9, 2, 3, 7, 870, 37877, 0
57.843419, 1.350822, 220619, 0, 5.2, 3, 4, 8, 1005, 33649, 0
59.784704, 1.941285, 170509, 0, 5.5, 2, 3, 7, 999, 24370, 0
61.277678, 1.492974, 126945, 0, 4.7, 2, 3, 7, 944, 12670, 0
62.409968, 1.13229, 119328, 1, 4.9, 2, 4, 7, 991, 1792, 0
63.424472, 1.014504, 159452, 0, 4.9, 2, 4, 7, 957, 43756, 0
64.800719, 1.376247, 189229, 0, 5.4, 2, 4, 7, 1015, 63825, 0
66.424741, 1.624022, 114661, 0, 5.5, 3, 4, 8, 1043, 40819, 0
67.481151, 1.05641, 127775, 0, 5.7, 3, 4, 7, 1532, 39271, 0
68.642887, 1.161736, 167070, 0, 8.6, 2, 4, 7, 992, 622911, 0
70.137289, 1.494402, 170363, 0, 8.3, 3, 4, 8, 1048, 622911, 0
71.635876, 1.498587, 159385, 1, 4.7, 2, 4, 7, 950, 3221, 0
73.02216, 1.386284, 130851, 0, 4.5, 2, 4, 7, 891, 13151, 0
74.18445, 1.16229, 168962, 0, 4.8, 2, 4, 7, 971, 21891, 0
75.553573, 1.369123, 150289, 1, 5.2, 2, 4, 7, 952, 32569, 0
76.880324, 1.326751, 196049, 0, 5.2, 2, 4, 7, 969, 15356, 0
78.546122, 1.665798, 128383, 0, 5.1, 2, 4, 7, 1017, 3585, 0
79.630479, 1.084357, 176513, 0, 4.8, 2, 4, 7, 965, 2992, 0
81.132445, 1.501966, 142934, 0, 4.8, 2, 4, 7, 952, 7588, 0
82.358925, 1.22648, 106502, 0, 5.5, 3, 4, 8, 1045, 12667, 0
83.3518, 0.992875, 144670, 0, 5.1, 3, 4, 8, 954, 67120, 0
84.558471, 1.206671, 149878, 1, 4.6, 2, 4, 7, 980, 10633, 0
85.853537, 1.295066, 191920, 0, 5.2, 2, 4, 7, 967, 66757, 0
87.478215, 1.624678, 135810, 0, 5.4, 3, 4, 7, 1007, 23028, 0
88.636464, 1.158249, 179850, 0, 5.3, 2, 4, 7, 1062, 38570, 0
90.143274, 1.50681, 137309, 0, 4.7, 2, 4, 7, 1022, 4063, 0
91.302843, 1.159569, 160751, 0, 4.9, 2, 4, 7, 967, 8927, 0
92.717612, 1.414769, 150782, 0, 5.4, 2, 4, 8, 1021, 19763, 0
94.022576, 1.304964, 152519, 0, 5.1, 2, 4, 7, 923, 32151, 0
95.336911, 1.314335, 135791, 0, 5.2, 2, 4, 7, 1010, 18207, 0
96.53101, 1.194099, 133568, 0, 5.1, 2, 4, 7, 1038, 14523, 0
97.744647, 1.213637, 194792, 0, 5.6, 3, 4, 7, 1260, 43745, 0
99.470652, 1.726005, 133070, 1, 10.4, 2, 4, 7, 1258, 713649, 0
100.611921, 1.141269, 184951, 0, 5.4, 2, 4, 7, 1189, 40185, 0
102.351471, 1.73955, 101917, 0, 4.7, 3, 4, 7, 719, 6103, 0
103.284331, 0.93286, 150646, 0, 5.1, 3, 4, 7, 974, 49170, 0
104.688988, 1.404657, 138691, 0, 6.0, 3, 4, 8, 1344, 31010, 0
105.968605, 1.279617, 109526, 0, 5.7, 2, 4, 7, 1066, 31010, 0
106.894635, 0.92603, 199706, 0, 4.7, 2, 4, 7, 911, 15491, 0
108.560095, 1.66546, 136854, 1, 5.1, 2, 4, 7, 981, 17861, 0
109.738928, 1.178833, 164273, 0, 5.0, 2, 4, 7, 991, 8098, 0
111.234432, 1.495504, 149082, 0, 4.9, 2, 4, 7, 1020, 8098, 0
112.51388, 1.279448, 136192, 1, 5.1, 2, 4, 7, 958, 33559, 0
113.765393, 1.251513, 170830, 0, 5.3, 3, 4, 7, 1031, 31526, 0
115.322055, 1.556662, 150841, 0, 5.2, 2, 4, 7, 1030, 19714, 0
116.592997, 1.270942, 156016, 0, 5.8, 2, 4, 8, 1015, 33317, 0
117.98373, 1.390733, 118871, 0, 5.9, 3, 4, 8, 1053, 33317, 0
119.059059, 1.075329, 132440, 0, 5.1, 3, 4, 8, 990, 10541, 0
120.222804, 1.163745, 141073, 0, 5.6, 3, 4, 8, 1043, 32157, 0
121.534353, 1.311549, 126894, 0, 5.1, 2, 4, 7, 1026, 4996, 0
122.592192, 1.057839, 142095, 0, 4.9, 2, 4, 7, 941, 11530, 0
123.873591, 1.281399, 181938, 0, 5.6, 3, 4, 8, 1096, 20055, 0
125.511766, 1.638175, 128891, 1, 5.0, 2, 4, 7, 966, 15148, 0
126.695353, 1.183587, 157716, 0, 5.6, 3, 4, 7, 1046, 35171, 0
128.066608, 1.371255, 137145, 0, 5.2, 2, 4, 8, 977, 35171, 0
129.233326, 1.166718, 171723, 0, 5.1, 3, 4, 7, 980, 22635, 0
130.760304, 1.526978, 210487, 0, 5.3, 2, 4, 8, 1004, 33572, 0
132.5273, 1.766996, 153116, 0, 5.4, 2, 4, 7, 1002, 36145, 0
133.907924, 1.380624, 191823, 0, 5.0, 3, 4, 7, 956, 36145, 0
135.581258, 1.673334, 132568, 0, 4.9, 3, 4, 7, 976, 8025, 0
136.781349, 1.200091, 178436, 1, 4.9, 3, 4, 7, 929, 32709, 0
138.311409, 1.53006, 156990, 0, 5.2, 2, 4, 7, 1122, 32709, 0
139.759508, 1.448099, 171734, 0, 5.4, 3, 4, 8, 1087, 16652, 0
141.236574, 1.477066, 130405, 0, 5.0, 2, 4, 7, 971, 11159, 0
142.391267, 1.154693, 140963, 1, 5.4, 3, 4, 7, 982, 27384, 0
143.651998, 1.260731, 196083, 0, 5.3, 2, 4, 7, 972, 32696, 0
145.380942, 1.728944, 125122, 0, 5.1, 3, 4, 8, 999, 13653, 0
146.438974, 1.058032, 136603, 0, 5.4, 2, 4, 7, 1071, 20861, 0
147.613567, 1.174593, 149294, 0, 5.0, 3, 4, 7, 1188, 6312, 0
148.97562, 1.362053, 109921, 0, 5.2, 3, 4, 7, 1265, 12323, 0
149.913956, 0.938336, 177816, 0, 5.9, 3, 4, 7, 1109, 35734, 0
151.515287, 1.601331, 111876, 1, 5.0, 3, 4, 7, 893, 14798, 0
152.54955, 1.034263, 114177, 0, 5.3, 2, 4, 7, 959, 16627, 0
153.573865, 1.024315, 129630, 1, 5.1, 2, 4, 7, 1009, 17046, 0
154.737266, 1.163401, 146418, 0, 4.8, 3, 4, 7, 971, 6348, 0
156.007467, 1.270201, 136312, 0, 4.7, 3, 4, 7, 965, 3477, 0
157.201508, 1.194041, 145338, 0, 4.7, 3, 4, 7, 967, 1742, 0
158.528861, 1.327353, 149146, 0, 4.6, 2, 4, 7, 912, 14439, 0
159.770946, 1.242085, 217920, 0, 8.2, 2, 4, 7, 973, 651181, 0
161.662953, 1.892007, 146830, 0, 5.6, 2, 4, 7, 1105, 22404, 0
162.997156, 1.334203, 135214, 0, 5.2, 3, 4, 7, 1042, 17053, 0
164.187305, 1.190149, 139978, 0, 5.6, 3, 4, 8, 1062, 26291, 0
165.403071, 1.215766, 126066, 0, 5.5, 2, 4, 7, 979, 33392, 0
166.484599, 1.081528, 135268, 1, 4.5, 2, 4, 7, 905, 10372, 0
167.665235, 1.180636, 159615, 0, 5.3, 2, 4, 7, 933, 22392, 0
169.037487, 1.372252, 143067, 0, 5.2, 2, 4, 7, 960, 33962, 0
170.330846, 1.293359, 121383, 1, 5.6, 3, 4, 7, 1086, 36077, 0
171.452665, 1.121819, 133796, 0, 4.5, 2, 4, 7, 932, 11149, 0
172.701495, 1.24883, 175138, 0, 7.9, 2, 4, 7, 992, 494368, 0
174.236414, 1.534919, 134651, 0, 10.4, 3, 4, 7, 1008, 638179, 0
175.424379, 1.187965, 140791, 0, 5.2, 2, 4, 8, 974, 14198, 0
176.631157, 1.206778, 146463, 0, 5.4, 2, 4, 7, 1050, 22871, 0
177.974837, 1.34368, 121387, 1, 11.3, 3, 4, 8, 1079, 611764, 0
179.048216, 1.073379, 131157, 1, 10.9, 3, 4, 8, 1000, 611764, 0
180.216154, 1.167938, 144074, 0, 5.3, 3, 4, 8, 1039, 12500, 0
181.554426, 1.338272, 0, 1, 5.8, 3, 4, 8, 978, 36111, 0
182.159013, 0.604587, 0, 1, 5.8, 3, 4, 8, 978, 36111, 0
