elapsed, window, n, min, mean, median, 95th, 99th, 99_9th, max, errors
1.001216, 1.001216, 137299, 0, 20.8, 10, 57, 96, 243, 6425, 0
2.699468, 1.698252, 46019, 0, 22.8, 10, 60, 90, 2178, 18060, 0
3.651418, 0.95195, 42810, 0, 14.8, 6, 28, 69, 2176, 18060, 0
4.482762, 0.831344, 44997, 0, 16.5, 10, 32, 76, 2159, 12612, 0
5.3479, 0.865138, 58414, 0, 17.7, 10, 31, 77, 2179, 21187, 0
6.470238, 1.122338, 49386, 4, 19.5, 10, 32, 78, 2243, 28683, 0
7.421437, 0.951199, 50248, 0, 19.4, 10, 36, 84, 2218, 26306, 0
8.399353, 0.977916, 45769, 5, 19.2, 10, 37, 88, 2243, 13869, 0
9.291867, 0.892514, 50960, 5, 19.7, 10, 37, 86, 2267, 26548, 0
10.329694, 1.037827, 37787, 5, 20.1, 10, 47, 88, 2304, 26548, 0
11.346592, 1.016898, 41188, 0, 21.0, 9, 55, 92, 2538, 22674, 0
12.223748, 0.877156, 41643, 0, 21.4, 10, 49, 92, 2381, 22674, 0
13.076199, 0.852451, 41898, 0, 21.3, 11, 45, 90, 2305, 24402, 0
14.003968, 0.927769, 40966, 0, 22.3, 11, 46, 91, 2345, 27457, 0
15.005158, 1.00119, 52021, 5, 21.8, 11, 46, 93, 2393, 27457, 0
16.005269, 1.000111, 50584, 5, 18.7, 11, 35, 87, 2296, 4419, 0
17.001609, 0.99634, 55579, 5, 24.2, 11, 35, 89, 2318, 397390, 0
18.002836, 1.001227, 49561, 5, 25.1, 11, 39, 90, 2280, 397390, 0
19.003972, 1.001136, 46235, 0, 19.4, 11, 36, 85, 2280, 27470, 0
20.004139, 1.000167, 41999, 0, 22.3, 11, 56, 102, 2354, 27470, 0
21.003507, 0.999368, 39713, 5, 25.9, 10, 74, 134, 2505, 14119, 0
22.005928, 1.002421, 46495, 5, 20.4, 10, 47, 92, 2396, 8643, 0
23.005991, 1.000063, 60234, 0, 20.8, 10, 51, 96, 2367, 26199, 0
24.010756, 1.004765, 40942, 5, 29.7, 11, 55, 98, 2421, 545328, 0
25.003758, 0.993002, 38671, 0, 30.7, 10, 52, 94, 2575, 545328, 0
26.00283, 0.999072, 48068, 5, 22.0, 10, 47, 91, 2712, 11025, 0
27.003294, 1.000464, 49017, 0, 19.9, 11, 38, 85, 4403, 8729, 0
28.002835, 0.999541, 46510, 5, 21.5, 10, 49, 95, 2465, 12218, 0
29.003037, 1.000202, 51464, 5, 28.7, 11, 54, 99, 2329, 442734, 0
30.003277, 1.00024, 45850, 0, 21.9, 11, 50, 99, 2405, 24462, 0
31.001979, 0.998702, 38415, 0, 28.3, 10, 49, 99, 2553, 447909, 0
32.004956, 1.002977, 38828, 0, 22.6, 10, 59, 101, 2632, 23659, 0
33.006115, 1.001159, 48312, 0, 25.2, 11, 65, 111, 2654, 23659, 0
34.001241, 0.995126, 43188, 0, 24.3, 12, 56, 106, 2577, 6994, 0
35.003134, 1.001893, 36888, 0, 24.7, 12, 60, 106, 2672, 21446, 0
36.001574, 0.99844, 37158, 0, 36.4, 11, 73, 117, 2927, 444727, 0
37.002467, 1.000893, 51424, 5, 24.6, 11, 62, 107, 2683, 22666, 0
38.002765, 1.000298, 39967, 5, 26.3, 11, 69, 112, 2508, 8723, 0
39.003606, 1.000841, 50530, 5, 29.8, 11, 64, 107, 2647, 386727, 0
40.002162, 0.998556, 43166, 0, 22.8, 11, 49, 95, 2501, 26769, 0
41.004249, 1.002087, 36277, 5, 24.6, 11, 60, 104, 2670, 7098, 0
42.001953, 0.997704, 43993, 0, 24.0, 10, 64, 108, 2572, 7945, 0
43.002287, 1.000334, 48195, 0, 22.2, 10, 59, 105, 2510, 6417, 0
44.00201, 0.999723, 48202, 0, 21.7, 11, 55, 103, 2444, 10629, 0
45.004612, 1.002602, 43918, 0, 25.5, 11, 63, 103, 2495, 23632, 0
46.002784, 0.998172, 46348, 0, 21.8, 11, 52, 96, 2513, 23632, 0
47.001381, 0.998597, 38396, 2, 24.9, 11, 64, 109, 2564, 10453, 0
48.004043, 1.002662, 44043, 2, 24.0, 11, 60, 107, 2638, 9942, 0
49.003621, 0.999578, 45921, 0, 27.2, 11, 68, 106, 2607, 20412, 0
50.002518, 0.998897, 47687, 0, 22.9, 11, 58, 100, 2450, 6996, 0
51.003046, 1.000528, 52577, 5, 21.1, 11, 48, 96, 2434, 23199, 0
52.002782, 0.999736, 35335, 5, 21.6, 11, 49, 90, 2491, 23199, 0
53.002394, 0.999612, 43905, 5, 27.2, 10, 47, 91, 2611, 416015, 0
54.002343, 0.999949, 57067, 5, 20.2, 10, 50, 98, 2364, 5320, 0
55.002893, 1.00055, 46245, 5, 24.4, 11, 59, 101, 2377, 18013, 0
56.004718, 1.001825, 41401, 5, 23.9, 11, 53, 96, 2472, 18013, 0
57.002268, 0.99755, 39349, 5, 23.8, 11, 57, 100, 2628, 10716, 0
58.001784, 0.999516, 50970, 0, 24.4, 11, 63, 107, 2445, 24103, 0
59.002338, 1.000554, 46739, 0, 24.7, 11, 60, 103, 2440, 24103, 0
60.002945, 1.000607, 47789, 5, 22.6, 11, 54, 99, 2452, 5924, 0
61.004816, 1.001871, 37969, 5, 25.7, 11, 62, 104, 2517, 11073, 0
62.003463, 0.998647, 49354, 0, 24.5, 11, 61, 106, 2497, 23325, 0
63.003071, 0.999608, 50570, 0, 22.2, 11, 52, 101, 2366, 23325, 0
64.003651, 1.00058, 49557, 0, 20.1, 10, 38, 90, 2374, 10747, 0
65.00171, 0.998059, 43333, 0, 20.1, 11, 37, 88, 2411, 9931, 0
66.003513, 1.001803, 50537, 0, 22.1, 10, 48, 94, 2531, 11949, 0
67.003401, 0.999888, 42798, 5, 24.1, 11, 59, 101, 2529, 11062, 0
68.004171, 1.00077, 43330, 0, 22.9, 11, 56, 99, 2506, 24490, 0
69.001871, 0.9977, 27448, 5, 28.2, 11, 73, 115, 2910, 24490, 0
70.004593, 1.002722, 41719, 0, 33.8, 11, 69, 114, 2994, 401681, 0
71.001467, 0.996874, 54632, 5, 28.4, 11, 58, 103, 2431, 369511, 0
72.001489, 1.000022, 40159, 0, 35.6, 11, 64, 105, 2467, 370576, 0
73.001765, 1.000276, 42672, 0, 32.5, 12, 66, 104, 2710, 370576, 0
74.003119, 1.001354, 32354, 0, 26.4, 12, 67, 108, 2712, 7742, 0
75.003006, 0.999887, 37029, 0, 36.3, 12, 75, 123, 3014, 403456, 0
76.004548, 1.001542, 40795, 0, 36.8, 12, 74, 118, 2917, 412154, 0
77.002978, 0.99843, 54084, 5, 27.2, 11, 51, 96, 2616, 356304, 0
78.002905, 0.999927, 48464, 5, 19.8, 10, 45, 91, 2390, 9205, 0
79.004307, 1.001402, 43796, 3, 32.5, 11, 49, 91, 2395, 469849, 0
80.00276, 0.998453, 33078, 3, 29.6, 11, 58, 98, 2657, 401184, 0
81.001914, 0.999154, 55008, 0, 22.2, 10, 56, 101, 2491, 3729, 0
82.003021, 1.001107, 51710, 5, 20.4, 10, 41, 90, 2355, 7450, 0
83.003939, 1.000918, 54804, 0, 31.4, 11, 41, 92, 2360, 813878, 0
84.002016, 0.998077, 39656, 5, 23.1, 11, 53, 97, 2443, 8896, 0
85.002029, 1.000013, 33251, 0, 25.2, 11, 66, 104, 2560, 9547, 0
86.002731, 1.000702, 33469, 5, 36.2, 13, 90, 132, 3083, 23355, 0
87.002806, 1.000075, 32959, 6, 35.2, 12, 92, 143, 2856, 23355, 0
88.003511, 1.000705, 48355, 5, 22.6, 10, 59, 102, 2622, 4308, 0
89.002319, 0.998808, 39099, 5, 26.5, 10, 69, 106, 2881, 9063, 0
90.002887, 1.000568, 32913, 5, 30.2, 11, 76, 116, 3303, 9756, 0
91.004351, 1.001464, 47220, 6, 25.8, 11, 69, 109, 2858, 10436, 0
92.002499, 0.998148, 55453, 0, 20.1, 11, 42, 92, 2459, 11053, 0
93.001409, 0.99891, 47461, 0, 20.4, 11, 43, 93, 2441, 11053, 0
94.00113, 0.999721, 48093, 0, 20.2, 11, 40, 91, 2416, 8687, 0
95.002979, 1.001849, 49181, 0, 20.1, 11, 39, 89, 2414, 21319, 0
96.005539, 1.00256, 31627, 5, 24.5, 11, 67, 107, 2484, 21319, 0
97.001937, 0.996398, 53897, 5, 24.0, 10, 42, 92, 2526, 323293, 0
98.002458, 1.000521, 48577, 5, 25.7, 11, 43, 94, 2470, 323293, 0
99.001331, 0.998873, 41399, 5, 24.4, 11, 59, 100, 2436, 23380, 0
100.003496, 1.002165, 45884, 5, 27.9, 11, 70, 112, 2664, 23380, 0
101.002457, 0.998961, 49059, 5, 26.8, 11, 69, 114, 2432, 22684, 0
102.002633, 1.000176, 42105, 5, 27.0, 11, 70, 116, 2513, 22684, 0
103.003213, 1.00058, 33985, 5, 25.3, 11, 66, 116, 2506, 22904, 0
104.00144, 0.998227, 56667, 5, 21.2, 10, 49, 109, 2435, 22904, 0
105.001293, 0.999853, 53163, 5, 26.2, 10, 43, 96, 2403, 387407, 0
106.003636, 1.002343, 34165, 5, 35.1, 10, 49, 93, 2511, 552587, 0
107.003449, 0.999813, 50234, 5, 29.7, 10, 51, 97, 2634, 552587, 0
108.003793, 1.000344, 42062, 5, 24.4, 11, 60, 103, 2574, 10561, 0
109.000874, 0.997081, 53410, 0, 23.8, 10, 63, 112, 2474, 24108, 0
110.003218, 1.002344, 48182, 5, 22.7, 11, 57, 109, 2320, 24108, 0
111.001175, 0.997957, 47096, 5, 18.7, 10, 39, 86, 2338, 18518, 0
112.001442, 1.000267, 49182, 5, 19.2, 10, 41, 89, 2341, 18518, 0
113.001042, 0.9996, 47539, 5, 19.4, 11, 39, 88, 2317, 25375, 0
114.002346, 1.001304, 50041, 0, 20.8, 11, 45, 91, 2386, 25375, 0
115.002815, 1.000469, 37871, 0, 22.1, 11, 53, 98, 2495, 19449, 0
116.002414, 0.999599, 47700, 1, 24.4, 11, 61, 102, 2491, 19449, 0
117.002411, 0.999997, 42516, 1, 22.0, 11, 56, 100, 2475, 10142, 0
118.003582, 1.001171, 49913, 0, 28.2, 10, 52, 99, 2458, 456798, 0
119.003031, 0.999449, 42220, 0, 21.1, 10, 53, 95, 2419, 6747, 0
120.004532, 1.001501, 49659, 5, 25.3, 10, 51, 93, 2433, 315772, 0
121.002088, 0.997556, 49022, 5, 31.4, 10, 43, 90, 2355, 525148, 0
122.00503, 1.002942, 48866, 0, 20.5, 11, 47, 95, 2371, 8019, 0
123.003156, 0.998126, 43547, 0, 22.0, 11, 51, 101, 2430, 11540, 0
124.003518, 1.000362, 49464, 0, 28.7, 11, 52, 112, 2394, 489361, 0
125.003958, 1.00044, 41108, 5, 22.2, 11, 54, 106, 2392, 8977, 0
126.003487, 0.999529, 47138, 0, 28.0, 10, 57, 100, 2472, 353222, 0
127.002457, 0.99897, 49997, 5, 26.6, 11, 51, 98, 2364, 353222, 0
128.004777, 1.00232, 46426, 0, 21.6, 11, 50, 94, 2447, 7595, 0
129.004152, 0.999375, 37608, 5, 25.1, 11, 65, 107, 2469, 7542, 0
130.002804, 0.998652, 31209, 0, 30.4, 11, 80, 128, 3020, 8953, 0
131.003477, 1.000673, 37549, 5, 41.3, 12, 85, 132, 3399, 399687, 0
132.005301, 1.001824, 32545, 6, 39.0, 12, 89, 137, 3089, 300829, 0
133.002644, 0.997343, 46007, 6, 35.6, 12, 81, 123, 3071, 300829, 0
134.004279, 1.001635, 32890, 5, 37.2, 12, 81, 121, 2894, 337034, 0
135.001346, 0.997067, 36573, 0, 35.2, 12, 76, 120, 3019, 337034, 0
136.003306, 1.00196, 45803, 0, 27.4, 11, 72, 114, 2740, 17661, 0
137.002599, 0.999293, 35589, 0, 30.7, 11, 78, 129, 2873, 6853, 0
138.001916, 0.999317, 34808, 0, 26.8, 11, 68, 111, 3215, 20344, 0
139.004988, 1.003072, 44211, 0, 36.1, 12, 80, 123, 3046, 322294, 0
140.004309, 0.999321, 49130, 5, 33.4, 12, 74, 115, 2747, 322294, 0
141.005622, 1.001313, 43792, 0, 31.3, 11, 60, 103, 2463, 494495, 0
142.003386, 0.997764, 46005, 5, 21.7, 10, 56, 100, 2391, 13749, 0
143.002921, 0.999535, 52523, 5, 20.7, 10, 40, 92, 2406, 21869, 0
144.00364, 1.000719, 45591, 5, 27.0, 11, 37, 93, 2419, 477281, 0
145.004644, 1.001004, 56692, 5, 24.4, 10, 40, 91, 2340, 415246, 0
146.038333, 1.033689, 42741, 5, 27.0, 11, 42, 93, 2470, 415246, 0
147.00416, 0.965827, 45843, 5, 18.6, 11, 32, 82, 2281, 23718, 0
148.004455, 1.000295, 53622, 0, 18.1, 10, 34, 84, 2243, 8872, 0
149.003613, 0.999158, 37340, 0, 19.5, 11, 35, 87, 2419, 4692, 0
150.005086, 1.001473, 55023, 0, 18.4, 10, 30, 84, 2454, 21984, 0
151.005785, 1.000699, 57233, 0, 19.1, 10, 36, 89, 2262, 21984, 0
152.002968, 0.997183, 46798, 0, 18.5, 10, 35, 87, 2260, 3465, 0
153.004435, 1.001467, 41441, 5, 27.2, 10, 41, 94, 2366, 477068, 0
154.0055, 1.001065, 44364, 2, 22.0, 10, 50, 105, 2471, 10075, 0
155.00542, 0.99992, 52844, 5, 20.9, 11, 45, 98, 2415, 10075, 0
156.002414, 0.996994, 52351, 0, 24.7, 11, 36, 88, 2371, 369575, 0
157.00722, 1.004806, 46052, 5, 31.5, 10, 35, 88, 2312, 545268, 0
158.006122, 0.998902, 51540, 5, 26.9, 10, 36, 87, 2355, 545268, 0
159.004731, 0.998609, 49053, 5, 19.4, 10, 35, 88, 2355, 11340, 0
160.003772, 0.999041, 51866, 5, 26.2, 10, 38, 92, 2359, 476862, 0
161.029458, 1.025686, 36827, 0, 29.1, 10, 44, 97, 2418, 476862, 0
162.002541, 0.973083, 52681, 0, 25.7, 10, 41, 92, 2403, 376832, 0
163.003729, 1.001188, 43774, 1, 31.0, 11, 63, 122, 2423, 376832, 0
164.002958, 0.999229, 39924, 1, 26.3, 11, 66, 128, 2441, 22775, 0
165.005665, 1.002707, 49852, 2, 22.1, 11, 42, 92, 2493, 6844, 0
166.005895, 1.00023, 47499, 2, 23.0, 11, 54, 97, 2445, 7909, 0
167.003457, 0.997562, 50663, 0, 22.6, 11, 52, 93, 2375, 24068, 0
168.003613, 1.000156, 38116, 5, 21.6, 11, 48, 90, 2375, 24068, 0
169.005565, 1.001952, 47432, 5, 22.1, 11, 56, 97, 2502, 10551, 0
170.005869, 1.000304, 51263, 5, 27.7, 11, 55, 99, 2445, 360791, 0
171.005227, 0.999358, 41458, 5, 29.5, 11, 64, 117, 2423, 360791, 0
172.002254, 0.997027, 42261, 0, 27.6, 11, 74, 127, 2541, 24162, 0
173.005948, 1.003694, 35262, 0, 39.9, 12, 80, 121, 2800, 481720, 0
174.002775, 0.996827, 30702, 6, 40.6, 12, 80, 123, 3052, 481720, 0
175.003336, 1.000561, 38042, 6, 32.6, 12, 88, 135, 2896, 4934, 0
176.003302, 0.999966, 34637, 5, 36.7, 13, 90, 132, 3075, 14711, 0
177.005584, 1.002282, 40948, 5, 34.1, 12, 87, 132, 2980, 14711, 0
178.00454, 0.998956, 48554, 5, 32.0, 12, 83, 123, 3024, 9337, 0
179.002033, 0.997493, 51521, 5, 22.4, 11, 57, 100, 2353, 9337, 0
180.001646, 0.999613, 44362, 1, 23.3, 11, 62, 100, 2352, 4503, 0
181.005419, 1.003773, 48963, 5, 20.5, 11, 46, 93, 2426, 10694, 0
181.861607, 0.856188, 300, 0, 21.0, 10, 50, 94, 2439, 7411, 0
