elapsed, window, total, successful, failed
1.012901, 1.012901, 333688, 333688, 0
3.343089, 2.330188, 119840, 119840, 0
4.458936, 1.115847, 118500, 118500, 0
5.657135, 1.198199, 96500, 96500, 0
6.563207, 0.906072, 86213, 86213, 0
7.366628, 0.803421, 106469, 106469, 0
8.588562, 1.221934, 103346, 103346, 0
9.423066, 0.834504, 97841, 97841, 0
10.506808, 1.083742, 104635, 104635, 0
11.487296, 0.980488, 84747, 84747, 0
12.397447, 0.910151, 87611, 87611, 0
13.426248, 1.028801, 112000, 112000, 0
14.593893, 1.167645, 104409, 104409, 0
15.62547, 1.031577, 74251, 74251, 0
16.398715, 0.773245, 74900, 74900, 0
17.381472, 0.982757, 81592, 81592, 0
18.302682, 0.92121, 77828, 77828, 0
19.302821, 1.000139, 81081, 81081, 0
20.221865, 0.919044, 77810, 77810, 0
21.008351, 0.786486, 76351, 76351, 0
22.006177, 0.997826, 102279, 102279, 0
23.007115, 1.000938, 74520, 74520, 0
24.005982, 0.998867, 92831, 92831, 0
25.007096, 1.001114, 96428, 96428, 0
26.007476, 1.00038, 99187, 99187, 0
27.007453, 0.999977, 83715, 83715, 0
28.007669, 1.000216, 82667, 82667, 0
29.005004, 0.997335, 88093, 88093, 0
30.006217, 1.001213, 100170, 100170, 0
31.00723, 1.001013, 75947, 75947, 0
32.00892, 1.00169, 83542, 83542, 0
33.008113, 0.999193, 66014, 66014, 0
34.006059, 0.997946, 83638, 83638, 0
35.005976, 0.999917, 96081, 96081, 0
36.00873, 1.002754, 101902, 101902, 0
37.00367, 0.99494, 86531, 86531, 0
38.004301, 1.000631, 82377, 82377, 0
39.00467, 1.000369, 82369, 82369, 0
40.005277, 1.000607, 103627, 103627, 0
41.005363, 1.000086, 93277, 93277, 0
42.003613, 0.99825, 84324, 84324, 0
43.010771, 1.007158, 80683, 80683, 0
44.004944, 0.994173, 103001, 103001, 0
45.005941, 1.000997, 88575, 88575, 0
46.00492, 0.998979, 97149, 97149, 0
47.0064, 1.00148, 83866, 83866, 0
48.006126, 0.999726, 90982, 90982, 0
49.005158, 0.999032, 91014, 91014, 0
50.001669, 0.996511, 84409, 84409, 0
51.004255, 1.002586, 96857, 96857, 0
52.00277, 0.998515, 85373, 85373, 0
53.004983, 1.002213, 101701, 101701, 0
54.007017, 1.002034, 86633, 86633, 0
55.002131, 0.995114, 83428, 83428, 0
56.005429, 1.003298, 89425, 89425, 0
57.002716, 0.997287, 95297, 95297, 0
58.003411, 1.000695, 90832, 90832, 0
59.003641, 1.00023, 93205, 93205, 0
60.004996, 1.001355, 90475, 90475, 0
61.003278, 0.998282, 90613, 90613, 0
62.005154, 1.001876, 96896, 96896, 0
63.001756, 0.996602, 90458, 90458, 0
64.003256, 1.0015, 95622, 95622, 0
65.005035, 1.001779, 86102, 86102, 0
66.007355, 1.00232, 58758, 58758, 0
67.00228, 0.994925, 62046, 62046, 0
68.008529, 1.006249, 64114, 64114, 0
69.00403, 0.995501, 78014, 78014, 0
70.004447, 1.000417, 81346, 81346, 0
71.005897, 1.00145, 75566, 75566, 0
72.00361, 0.997713, 88449, 88449, 0
73.002819, 0.999209, 99557, 99557, 0
74.004238, 1.001419, 74639, 74639, 0
75.002942, 0.998704, 82094, 82094, 0
76.005262, 1.00232, 55780, 55780, 0
77.00361, 0.998348, 84495, 84495, 0
78.003602, 0.999992, 78714, 78714, 0
79.002808, 0.999206, 87986, 87986, 0
80.003693, 1.000885, 86985, 86985, 0
81.005764, 1.002071, 73830, 73830, 0
82.005609, 0.999845, 66825, 66825, 0
83.004419, 0.99881, 81955, 81955, 0
84.003444, 0.999025, 105760, 105760, 0
85.001375, 0.997931, 96328, 96328, 0
86.00433, 1.002955, 100524, 100524, 0
87.004913, 1.000583, 90124, 90124, 0
88.005257, 1.000344, 50070, 50070, 0
89.003711, 0.998454, 91801, 91801, 0
90.004597, 1.000886, 87789, 87789, 0
91.002105, 0.997508, 93937, 93937, 0
92.002497, 1.000392, 66419, 66419, 0
93.008418, 1.005921, 66376, 66376, 0
94.004781, 0.996363, 104293, 104293, 0
95.008821, 1.00404, 80851, 80851, 0
96.004834, 0.996013, 73895, 73895, 0
97.003373, 0.998539, 70467, 70467, 0
98.001127, 0.997754, 70259, 70259, 0
99.005782, 1.004655, 96427, 96427, 0
100.00344, 0.997658, 103609, 103609, 0
101.00427, 1.00083, 66220, 66220, 0
102.006173, 1.001903, 66634, 66634, 0
103.006399, 1.000226, 98639, 98639, 0
104.005706, 0.999307, 94316, 94316, 0
105.003687, 0.997981, 99603, 99603, 0
106.003268, 0.999581, 94592, 94592, 0
107.00427, 1.001002, 66487, 66487, 0
108.005573, 1.001303, 81184, 81184, 0
109.007171, 1.001598, 93254, 93254, 0
110.004477, 0.997306, 87522, 87522, 0
111.001483, 0.997006, 106172, 106172, 0
112.004761, 1.003278, 95674, 95674, 0
113.002361, 0.9976, 98019, 98019, 0
114.005381, 1.00302, 100680, 100680, 0
115.00425, 0.998869, 93863, 93863, 0
116.00295, 0.9987, 103915, 103915, 0
117.005534, 1.002584, 93736, 93736, 0
118.005092, 0.999558, 93632, 93632, 0
119.00366, 0.998568, 96168, 96168, 0
120.001536, 0.997876, 71769, 71769, 0
121.004268, 1.002732, 81153, 81153, 0
122.003853, 0.999585, 61111, 61111, 0
123.004001, 1.000148, 68211, 68211, 0
124.005461, 1.00146, 80718, 80718, 0
125.003355, 0.997894, 72113, 72113, 0
126.002265, 0.99891, 92082, 92082, 0
127.0049, 1.002635, 73032, 73032, 0
128.003565, 0.998665, 85335, 85335, 0
129.003134, 0.999569, 96709, 96709, 0
130.003655, 1.000521, 95302, 95302, 0
131.004332, 1.000677, 85131, 85131, 0
132.00492, 1.000588, 69961, 69961, 0
133.002459, 0.997539, 85724, 85724, 0
134.00364, 1.001181, 103297, 103297, 0
135.004153, 1.000513, 90261, 90261, 0
136.002458, 0.998305, 104445, 104445, 0
137.004393, 1.001935, 86099, 86099, 0
138.002708, 0.998315, 77458, 77458, 0
139.00388, 1.001172, 94397, 94397, 0
140.002119, 0.998239, 82716, 82716, 0
141.003554, 1.001435, 111112, 111112, 0
142.003415, 0.999861, 98277, 98277, 0
143.005018, 1.001603, 98848, 98848, 0
144.003945, 0.998927, 94463, 94463, 0
145.004564, 1.000619, 69508, 69508, 0
146.006902, 1.002338, 62633, 62633, 0
147.001739, 0.994837, 75282, 75282, 0
148.00511, 1.003371, 65295, 65295, 0
149.00634, 1.00123, 69595, 69595, 0
150.003618, 0.997278, 86325, 86325, 0
151.004214, 1.000596, 86555, 86555, 0
152.003561, 0.999347, 89208, 89208, 0
153.002397, 0.998836, 112832, 112832, 0
154.003231, 1.000834, 81094, 81094, 0
155.00488, 1.001649, 76768, 76768, 0
156.003307, 0.998427, 64779, 64779, 0
157.007115, 1.003808, 67236, 67236, 0
158.021036, 1.013921, 97138, 97138, 0
159.004726, 0.98369, 94378, 94378, 0
160.005256, 1.00053, 91138, 91138, 0
161.003737, 0.998481, 61439, 61439, 0
162.004777, 1.00104, 74113, 74113, 0
163.007604, 1.002827, 68432, 68432, 0
164.005511, 0.997907, 77494, 77494, 0
165.003017, 0.997506, 75319, 75319, 0
166.005331, 1.002314, 94123, 94123, 0
167.004018, 0.998687, 71409, 71409, 0
168.003887, 0.999869, 75843, 75843, 0
169.003156, 0.999269, 78616, 78616, 0
170.0069, 1.003744, 60430, 60430, 0
171.005071, 0.998171, 79739, 79739, 0
172.005821, 1.00075, 79233, 79233, 0
173.00474, 0.998919, 82790, 82790, 0
174.005346, 1.000606, 71732, 71732, 0
175.004862, 0.999516, 70661, 70661, 0
176.002911, 0.998049, 83891, 83891, 0
177.003622, 1.000711, 91559, 91559, 0
178.00447, 1.000848, 88784, 88784, 0
179.003738, 0.999268, 78076, 78076, 0
180.004825, 1.001087, 71657, 71657, 0
181.006886, 1.002061, 85176, 85176, 0
181.699921, 0.693035, 19466, 19466, 0
