elapsed, window, n, min, mean, median, 95th, 99th, 99_9th, max, errors
1.002204, 1.002204, 151947, 7, 70.4, 65, 100, 132, 3537, 7728, 0
2.611878, 1.609674, 56013, 7, 67.1, 61, 97, 127, 3256, 7402, 0
3.334837, 0.722959, 60663, 10, 47.4, 35, 84, 102, 2359, 8466, 0
4.059215, 0.724378, 88788, 0, 34.9, 27, 53, 78, 1511, 17282, 0
5.240396, 1.181181, 61041, 5, 47.4, 38, 76, 96, 1601, 33388, 0
6.033253, 0.792857, 76043, 5, 53.6, 44, 70, 93, 1469, 462092, 0
7.002095, 0.968842, 77993, 10, 41.4, 35, 64, 81, 1402, 30383, 0
8.005075, 1.00298, 81490, 10, 46.7, 41, 71, 93, 1589, 6257, 0
9.130214, 1.125139, 56037, 0, 64.3, 54, 86, 114, 1733, 444681, 0
10.006035, 0.875821, 72076, 0, 57.4, 51, 83, 110, 1745, 10432, 0
11.004104, 0.998069, 84212, 12, 45.6, 35, 64, 82, 1457, 392000, 0
12.003665, 0.999561, 109443, 10, 38.8, 30, 53, 68, 1356, 447305, 0
13.318447, 1.314782, 80425, 0, 45.1, 39, 68, 88, 1506, 31092, 0
14.332742, 1.014295, 84769, 13, 42.7, 37, 62, 82, 1474, 30650, 0
15.449751, 1.117009, 64219, 13, 44.9, 34, 56, 75, 1553, 651679, 0
16.524054, 1.074303, 61358, 2, 50.2, 36, 65, 87, 1935, 651679, 0
17.490163, 0.966109, 61800, 2, 52.8, 41, 71, 94, 1918, 342187, 0
18.427436, 0.937273, 79260, 8, 53.2, 44, 75, 97, 1699, 342187, 0
19.388308, 0.960872, 76376, 8, 47.3, 38, 68, 88, 1493, 420910, 0
20.412586, 1.024278, 88423, 0, 42.1, 32, 59, 77, 1438, 420910, 0
21.531389, 1.118803, 100088, 0, 41.4, 35, 62, 81, 1388, 48285, 0
22.772978, 1.241589, 75292, 13, 44.7, 38, 67, 86, 1561, 26534, 0
23.880102, 1.107124, 64408, 12, 56.0, 49, 80, 104, 1798, 32056, 0
24.8838, 1.003698, 57988, 12, 55.7, 49, 81, 103, 1759, 32056, 0
25.685155, 0.801355, 82824, 0, 49.0, 41, 76, 96, 1618, 32056, 0
26.659839, 0.974684, 77235, 12, 40.9, 35, 57, 76, 1415, 21824, 0
27.596395, 0.936556, 73014, 2, 47.3, 42, 68, 90, 1450, 32484, 0
28.595963, 0.999568, 81219, 2, 46.3, 41, 68, 88, 1498, 32484, 0
29.739822, 1.143859, 82140, 0, 39.0, 34, 60, 79, 1366, 2230, 0
30.660352, 0.92053, 76975, 7, 41.3, 35, 62, 80, 1432, 11153, 0
31.664674, 1.004322, 57989, 13, 52.4, 47, 73, 98, 1620, 26172, 0
32.562959, 0.898285, 64001, 1, 54.5, 49, 78, 102, 1715, 26172, 0
33.512665, 0.949706, 62497, 1, 49.0, 43, 76, 96, 1683, 8058, 0
34.331243, 0.818578, 67420, 12, 41.0, 36, 60, 78, 1492, 8058, 0
35.214731, 0.883488, 66008, 12, 45.1, 39, 68, 88, 1549, 9265, 0
36.120615, 0.905884, 105757, 0, 47.7, 42, 69, 90, 1510, 9449, 0
37.43717, 1.316555, 75385, 0, 42.2, 37, 63, 81, 1377, 22350, 0
38.462154, 1.024984, 71368, 8, 41.1, 35, 61, 79, 1489, 22350, 0
39.478671, 1.016517, 76785, 8, 53.8, 44, 73, 95, 1582, 598273, 0
40.513545, 1.034874, 73267, 8, 53.6, 44, 71, 93, 1570, 598273, 0
41.470503, 0.956958, 73124, 8, 42.9, 37, 62, 83, 1536, 16417, 0
42.466873, 0.99637, 69353, 13, 45.4, 39, 68, 88, 1580, 14658, 0
43.466852, 0.999979, 76998, 7, 53.6, 48, 76, 101, 1644, 33555, 0
44.520032, 1.05318, 77007, 7, 45.6, 38, 72, 92, 1542, 33555, 0
45.517383, 0.997351, 99244, 0, 35.6, 30, 53, 70, 1408, 25695, 0
46.728809, 1.211426, 62728, 14, 55.3, 42, 72, 92, 1578, 587100, 0
47.636321, 0.907512, 96678, 0, 49.1, 38, 68, 88, 1582, 587100, 0
48.947624, 1.311303, 69793, 5, 40.6, 34, 59, 78, 1560, 18645, 0
49.932566, 0.984942, 60593, 5, 42.9, 37, 64, 84, 1653, 9486, 0
50.836675, 0.904109, 60153, 13, 59.0, 46, 79, 103, 1778, 522488, 0
51.754202, 0.917527, 68888, 13, 55.9, 43, 75, 97, 1628, 522488, 0
52.674505, 0.920303, 77300, 0, 40.1, 30, 52, 69, 1401, 377445, 0
53.55998, 0.885475, 91431, 0, 38.2, 30, 51, 68, 1406, 377445, 0
54.752772, 1.192792, 60454, 1, 46.5, 40, 71, 91, 1542, 30379, 0
55.692442, 0.93967, 55846, 14, 53.5, 46, 77, 101, 1765, 21269, 0
56.500844, 0.808402, 71412, 12, 54.3, 48, 78, 103, 1741, 21269, 0
57.541802, 1.040958, 84749, 12, 50.3, 45, 74, 97, 1591, 21269, 0
58.559641, 1.017839, 76411, 2, 42.0, 36, 62, 81, 1498, 21019, 0
59.632201, 1.07256, 76063, 2, 43.9, 37, 65, 84, 1539, 19389, 0
60.689699, 1.057498, 69033, 6, 46.3, 40, 68, 87, 1653, 12272, 0
61.620135, 0.930436, 87602, 0, 40.8, 34, 61, 79, 2471, 17551, 0
62.670678, 1.050543, 66664, 12, 41.4, 31, 52, 67, 2193, 344182, 0
63.538688, 0.86801, 75542, 2, 43.8, 34, 63, 81, 2424, 344182, 0
64.637219, 1.098531, 74041, 2, 48.8, 42, 71, 91, 2680, 37250, 0
65.700727, 1.063508, 51546, 5, 47.6, 41, 71, 91, 2802, 9949, 0
66.442436, 0.741709, 58689, 5, 45.8, 39, 68, 88, 2782, 9949, 0
67.297372, 0.854936, 54468, 2, 44.8, 38, 65, 84, 2797, 20534, 0
68.070159, 0.772787, 65283, 2, 45.5, 39, 68, 86, 1782, 20274, 0
69.011785, 0.941626, 74326, 4, 42.9, 35, 63, 83, 1746, 23669, 0
70.004261, 0.992476, 89529, 4, 39.1, 33, 56, 74, 1480, 18818, 0
71.048837, 1.044576, 82738, 2, 44.8, 40, 67, 87, 1401, 10285, 0
72.196692, 1.147855, 64410, 13, 50.2, 45, 72, 95, 1527, 4081, 0
73.093926, 0.897234, 90990, 1, 47.1, 42, 69, 89, 1478, 18629, 0
74.229955, 1.136029, 75400, 12, 45.1, 38, 66, 85, 1499, 30673, 0
75.179197, 0.949242, 64543, 11, 41.2, 34, 64, 82, 1510, 30673, 0
76.090558, 0.911361, 58190, 11, 41.9, 35, 61, 83, 1765, 20999, 0
77.143792, 1.053234, 31647, 13, 49.5, 43, 71, 95, 1951, 20999, 0
78.005624, 0.861832, 74181, 0, 52.1, 46, 79, 102, 1865, 11796, 0
79.002423, 0.996799, 95514, 0, 41.6, 36, 66, 85, 1422, 9940, 0
80.00388, 1.001457, 98510, 0, 38.3, 29, 50, 64, 1380, 501628, 0
81.237198, 1.233318, 63674, 0, 49.8, 38, 69, 89, 1551, 501628, 0
82.0878, 0.850602, 75734, 0, 45.2, 40, 67, 87, 1484, 20663, 0
83.109768, 1.021968, 91907, 12, 46.2, 40, 67, 88, 1542, 20663, 0
84.320456, 1.210688, 53238, 0, 48.9, 43, 70, 93, 1619, 19510, 0
85.134532, 0.814076, 55792, 14, 52.8, 48, 76, 100, 1654, 19510, 0
86.004246, 0.869714, 101906, 0, 52.8, 48, 77, 100, 1626, 20911, 0
87.205462, 1.201216, 81192, 0, 44.8, 35, 62, 80, 1436, 433992, 0
88.24564, 1.040178, 72267, 0, 41.7, 32, 55, 71, 1462, 433992, 0
89.163511, 0.917871, 61164, 0, 45.9, 40, 67, 88, 1497, 9340, 0
90.029023, 0.865512, 70235, 0, 57.5, 43, 71, 94, 1572, 498788, 0
91.036378, 1.007355, 75390, 9, 47.3, 36, 63, 83, 1630, 498788, 0
92.003622, 0.967244, 77707, 9, 38.2, 33, 58, 75, 1477, 24109, 0
93.061398, 1.057776, 65174, 0, 46.6, 40, 71, 91, 1700, 17482, 0
94.096239, 1.034841, 55372, 13, 53.6, 46, 77, 98, 2873, 29759, 0
95.001928, 0.905689, 74094, 8, 48.4, 41, 73, 92, 2762, 29759, 0
96.003117, 1.001189, 106528, 11, 33.4, 26, 53, 71, 2244, 20304, 0
97.135458, 1.132341, 68113, 0, 36.4, 29, 58, 74, 2208, 4980, 0
98.045232, 0.909774, 91967, 13, 54.6, 44, 71, 93, 1648, 677631, 0
99.383876, 1.338644, 66239, 13, 55.4, 43, 74, 96, 1641, 677631, 0
100.258498, 0.874622, 69437, 6, 43.0, 37, 63, 83, 1541, 15018, 0
101.192772, 0.934274, 68638, 6, 48.9, 40, 67, 87, 1566, 361774, 0
102.134574, 0.941802, 62556, 5, 59.6, 46, 72, 95, 1600, 574451, 0
103.004826, 0.870252, 81874, 13, 57.4, 47, 79, 100, 1654, 574451, 0
104.197933, 1.193107, 60037, 3, 46.6, 39, 72, 94, 1626, 24575, 0
105.005059, 0.807126, 92692, 13, 37.9, 32, 56, 71, 1368, 8416, 0
106.004973, 0.999914, 81637, 6, 38.0, 31, 57, 75, 1446, 10269, 0
107.146914, 1.141941, 52252, 13, 44.4, 37, 70, 90, 1631, 2526, 0
108.004764, 0.85785, 83083, 6, 49.6, 44, 75, 97, 1586, 8473, 0
109.010462, 1.005698, 79291, 0, 48.6, 39, 64, 84, 1499, 474368, 0
110.093757, 1.083295, 81741, 0, 41.7, 35, 59, 79, 1588, 23861, 0
111.175963, 1.082206, 63594, 1, 50.1, 41, 70, 90, 1566, 398786, 0
112.14986, 0.973897, 58678, 1, 59.1, 49, 81, 105, 1706, 398786, 0
113.004442, 0.854582, 101497, 5, 45.0, 35, 65, 84, 1358, 428673, 0
114.093479, 1.089037, 114117, 1, 36.0, 30, 53, 69, 1240, 24444, 0
115.530055, 1.436576, 68121, 1, 47.3, 40, 72, 94, 1571, 31870, 0
116.642793, 1.112738, 62031, 12, 59.0, 47, 79, 105, 1843, 501135, 0
117.61507, 0.972277, 77896, 11, 56.2, 46, 76, 99, 1802, 501135, 0
118.58215, 0.96708, 83204, 0, 43.0, 38, 66, 84, 1413, 19922, 0
119.64208, 1.05993, 63130, 12, 45.3, 38, 67, 88, 1679, 26564, 0
120.533736, 0.891656, 74493, 5, 47.2, 41, 71, 91, 1637, 26564, 0
121.458293, 0.924557, 76136, 5, 42.5, 36, 67, 86, 1460, 16685, 0
122.436394, 0.978101, 85920, 12, 42.9, 33, 57, 75, 1443, 534057, 0
123.588576, 1.152182, 83640, 1, 57.1, 42, 72, 93, 1508, 751469, 0
124.718593, 1.130017, 56068, 11, 47.4, 42, 70, 91, 1514, 11086, 0
125.48724, 0.768647, 82409, 8, 44.1, 37, 66, 85, 1567, 11086, 0
126.556928, 1.069688, 86338, 8, 43.5, 36, 65, 85, 1553, 11396, 0
127.771303, 1.214375, 55280, 0, 57.4, 52, 81, 107, 1699, 30163, 0
128.582755, 0.811452, 66560, 0, 54.8, 49, 80, 104, 1702, 30163, 0
129.521079, 0.938324, 76475, 2, 43.9, 37, 70, 89, 1556, 11858, 0
130.432982, 0.911903, 84740, 2, 37.8, 32, 55, 71, 1373, 21204, 0
131.501882, 1.0689, 78011, 0, 38.4, 32, 55, 71, 1427, 28104, 0
132.48252, 0.980638, 83310, 0, 47.8, 40, 79, 98, 1527, 28104, 0
133.829877, 1.347357, 61564, 14, 63.0, 49, 82, 107, 1787, 576249, 0
134.762956, 0.933079, 52733, 10, 53.8, 37, 69, 89, 1598, 383708, 0
135.43449, 0.671534, 69387, 10, 44.4, 30, 64, 83, 1541, 383708, 0
136.269159, 0.834669, 70764, 12, 35.4, 26, 45, 60, 1419, 377001, 0
137.196951, 0.927792, 53261, 9, 40.6, 33, 63, 82, 1552, 9967, 0
138.008904, 0.811953, 63877, 12, 57.9, 46, 79, 100, 1714, 473749, 0
139.02091, 1.012006, 68355, 12, 54.8, 43, 76, 98, 1691, 484046, 0
140.005416, 0.984506, 86840, 0, 37.5, 26, 52, 70, 1447, 484046, 0
141.004664, 0.999248, 90073, 0, 38.6, 30, 65, 86, 1557, 21578, 0
142.371416, 1.366752, 50611, 13, 56.8, 49, 85, 110, 1870, 21446, 0
143.208957, 0.837541, 46813, 13, 63.1, 52, 86, 113, 1891, 272460, 0
144.006024, 0.797067, 76101, 13, 49.8, 41, 72, 93, 1632, 272460, 0
145.004515, 0.998491, 101678, 12, 36.5, 30, 54, 70, 1411, 7564, 0
146.076707, 1.072192, 85561, 0, 42.1, 35, 66, 85, 1486, 22841, 0
147.364048, 1.287341, 58702, 7, 52.1, 45, 77, 99, 1692, 30449, 0
148.202392, 0.838344, 66483, 7, 47.1, 41, 73, 93, 1571, 30449, 0
149.01491, 0.812518, 89850, 0, 39.5, 34, 57, 74, 1360, 26589, 0
150.124614, 1.109704, 93937, 0, 46.3, 40, 71, 91, 1581, 9918, 0
151.461026, 1.336412, 73308, 13, 52.7, 46, 76, 101, 1664, 21899, 0
152.427948, 0.966922, 72788, 11, 51.1, 45, 73, 98, 1581, 21899, 0
153.395512, 0.967564, 77875, 0, 43.9, 37, 67, 87, 1500, 27174, 0
154.358458, 0.962946, 79326, 12, 39.3, 33, 57, 76, 1416, 27174, 0
155.346994, 0.988536, 86919, 0, 48.0, 39, 65, 84, 1456, 458921, 0
156.481625, 1.134631, 75814, 12, 54.4, 41, 69, 88, 1496, 670914, 0
157.545236, 1.063611, 81341, 11, 51.8, 41, 70, 89, 1559, 670914, 0
158.612808, 1.067572, 80488, 6, 46.8, 41, 68, 88, 1540, 30445, 0
159.643648, 1.03084, 75207, 6, 44.1, 39, 65, 84, 1515, 11014, 0
160.696752, 1.053104, 61238, 12, 53.1, 47, 76, 101, 1701, 24828, 0
161.578834, 0.882082, 81036, 12, 56.4, 47, 77, 101, 1713, 380760, 0
162.753975, 1.175141, 71091, 0, 41.4, 35, 64, 83, 1509, 2780, 0
163.6177, 0.863725, 92794, 0, 38.6, 33, 60, 78, 1430, 3211, 0
164.728493, 1.110793, 65184, 13, 45.7, 39, 67, 87, 1470, 21448, 0
165.64722, 0.918727, 62806, 13, 51.7, 46, 75, 99, 1721, 5357, 0
166.591386, 0.944166, 82112, 13, 50.2, 45, 73, 96, 1631, 18367, 0
167.654759, 1.063373, 83369, 12, 47.0, 42, 69, 89, 1510, 18367, 0
168.802788, 1.148029, 63862, 11, 43.4, 36, 65, 84, 1639, 20328, 0
169.698044, 0.895256, 75609, 11, 42.8, 36, 64, 83, 1635, 29704, 0
170.717075, 1.019031, 64362, 12, 43.2, 39, 64, 82, 1408, 11229, 0
171.537131, 0.820056, 74577, 11, 45.1, 40, 68, 87, 1469, 11229, 0
172.556584, 1.019453, 91151, 11, 43.8, 37, 66, 86, 1547, 23731, 0
173.713736, 1.157152, 82077, 12, 46.6, 41, 70, 90, 1449, 23066, 0
174.848603, 1.134867, 60337, 13, 50.6, 44, 72, 95, 1647, 30928, 0
175.727533, 0.87893, 61515, 13, 45.6, 39, 68, 88, 1603, 9368, 0
176.556389, 0.828856, 89757, 2, 45.0, 39, 66, 87, 1543, 29579, 0
177.663731, 1.107342, 63597, 12, 42.9, 38, 62, 80, 1414, 15434, 0
178.500112, 0.836381, 77179, 10, 42.6, 36, 62, 82, 1499, 27674, 0
179.60272, 1.102608, 76732, 10, 45.4, 38, 70, 90, 1642, 27674, 0
180.658111, 1.055391, 66505, 7, 47.7, 41, 71, 92, 1585, 20449, 0
181.673676, 1.015565, 0, 7, 49.2, 41, 70, 91, 1654, 130038, 0
182.193259, 0.519583, 0, 13, 51.2, 38, 69, 91, 1823, 130038, 0
