elapsed, window, n, min, mean, median, 95th, 99th, 99_9th, max, errors
1.001853, 1.001853, 327028, 0, 6.6, 4, 6, 12, 1017, 35616, 0
2.801333, 1.79948, 110542, 0, 8.0, 5, 6, 7, 1095, 9969, 0
3.751881, 0.950548, 128300, 0, 6.6, 4, 6, 9, 907, 29446, 0
4.778069, 1.026188, 174603, 0, 7.2, 4, 6, 10, 858, 46282, 0
6.092226, 1.314157, 215366, 0, 7.3, 4, 6, 9, 874, 46282, 0
7.80552, 1.713294, 148772, 0, 7.9, 5, 6, 9, 1011, 36988, 0
9.056505, 1.250985, 186367, 0, 9.4, 4, 6, 10, 911, 463691, 0
10.522148, 1.465643, 208030, 0, 9.0, 4, 6, 10, 846, 463691, 0
12.173569, 1.651421, 238118, 0, 7.3, 5, 6, 10, 882, 29784, 0
14.070485, 1.896916, 202107, 0, 7.3, 5, 6, 11, 875, 22517, 0
15.760624, 1.690139, 169359, 2, 10.7, 5, 6, 9, 1203, 572434, 0
17.09906, 1.338436, 250833, 0, 10.2, 5, 7, 10, 1385, 572434, 0
19.083437, 1.984377, 198518, 0, 10.0, 5, 6, 9, 1347, 499915, 0
20.686114, 1.602677, 145190, 2, 7.2, 5, 6, 10, 1331, 5551, 0
21.843042, 1.156928, 160365, 0, 7.3, 5, 6, 8, 1238, 22840, 0
23.140001, 1.296959, 171702, 0, 7.2, 4, 6, 9, 1333, 3445, 0
24.560181, 1.42018, 198311, 0, 9.2, 4, 6, 9, 979, 501481, 0
26.133577, 1.573396, 227370, 0, 7.3, 5, 6, 10, 878, 34677, 0
27.935516, 1.801939, 188703, 0, 7.2, 5, 6, 8, 1299, 36823, 0
29.55683, 1.621314, 153209, 0, 7.8, 5, 6, 11, 1398, 36990, 0
30.813251, 1.256421, 178397, 0, 7.6, 5, 6, 8, 1352, 22213, 0
32.305439, 1.492188, 136855, 0, 7.2, 5, 6, 9, 1213, 24231, 0
33.475753, 1.170314, 175162, 0, 7.5, 5, 6, 10, 1117, 34287, 0
34.836356, 1.360603, 170691, 0, 10.2, 5, 6, 8, 1257, 502511, 0
36.224271, 1.387915, 258289, 0, 9.8, 5, 6, 10, 1253, 502511, 0
38.316888, 2.092617, 150695, 0, 7.3, 5, 6, 9, 1147, 46058, 0
39.506251, 1.189363, 164196, 0, 7.7, 5, 6, 9, 1351, 29864, 0
40.789797, 1.283546, 166122, 1, 7.4, 5, 6, 8, 1228, 23849, 0
42.115274, 1.325477, 208913, 0, 7.4, 5, 6, 9, 1186, 2453, 0
43.797299, 1.682025, 191298, 0, 9.8, 5, 6, 9, 1177, 434837, 0
45.345277, 1.547978, 146546, 0, 7.1, 5, 6, 9, 1407, 22967, 0
46.600827, 1.25555, 202586, 0, 7.4, 5, 6, 10, 1252, 49845, 0
48.317289, 1.716462, 129250, 0, 7.8, 5, 6, 11, 1385, 14332, 0
49.355293, 1.038004, 180074, 0, 9.3, 5, 6, 9, 1322, 462521, 0
50.830746, 1.475453, 169820, 0, 7.6, 5, 6, 9, 1318, 35203, 0
52.196576, 1.36583, 188721, 0, 7.8, 5, 7, 9, 1222, 36765, 0
53.871196, 1.67462, 133757, 0, 8.1, 5, 7, 9, 1339, 34677, 0
55.056142, 1.184946, 196206, 0, 7.6, 5, 6, 9, 1253, 34677, 0
56.657545, 1.601403, 168212, 0, 7.5, 5, 6, 9, 1302, 30992, 0
57.982757, 1.325212, 202253, 0, 7.7, 5, 7, 9, 1289, 25066, 0
59.761783, 1.779026, 112912, 0, 8.0, 5, 6, 12, 1490, 19329, 0
60.732695, 0.970912, 159239, 0, 7.2, 5, 6, 8, 1325, 10180, 0
61.976525, 1.24383, 208269, 0, 7.0, 5, 6, 9, 1171, 24196, 0
63.600749, 1.624224, 167036, 0, 7.0, 5, 6, 9, 1111, 24230, 0
65.042825, 1.442076, 169214, 2, 8.2, 5, 7, 11, 1411, 38479, 0
66.461798, 1.418973, 203606, 0, 9.4, 5, 7, 9, 1308, 485068, 0
68.076753, 1.614955, 173156, 0, 7.4, 5, 7, 10, 1244, 15335, 0
69.68589, 1.609137, 163386, 0, 8.4, 5, 7, 12, 1577, 36831, 0
71.075257, 1.389367, 176932, 2, 7.5, 5, 7, 10, 979, 31399, 0
72.511601, 1.436344, 194217, 2, 7.2, 5, 7, 10, 887, 23686, 0
74.054201, 1.5426, 225021, 0, 7.9, 5, 7, 10, 917, 24362, 0
75.837948, 1.783747, 180909, 2, 7.5, 5, 7, 10, 917, 19306, 0
77.370073, 1.532125, 110655, 2, 8.6, 5, 7, 11, 1018, 39584, 0
78.594951, 1.224878, 124548, 0, 8.6, 5, 7, 11, 1083, 39584, 0
79.681772, 1.086821, 133583, 0, 8.2, 5, 7, 10, 1018, 28885, 0
80.908896, 1.227124, 173826, 0, 7.6, 5, 6, 12, 1005, 15905, 0
82.340468, 1.431572, 149889, 2, 7.1, 5, 6, 10, 881, 15905, 0
83.506582, 1.166114, 167247, 2, 7.3, 5, 6, 10, 892, 25512, 0
84.904945, 1.398363, 154965, 0, 7.7, 5, 6, 12, 1011, 24591, 0
86.3078, 1.402855, 128756, 0, 7.4, 5, 6, 13, 984, 8990, 0
87.309613, 1.001813, 165553, 0, 6.8, 5, 6, 10, 873, 14165, 0
88.649782, 1.340169, 141006, 0, 7.3, 5, 6, 9, 936, 13922, 0
89.754146, 1.104364, 160207, 0, 7.3, 5, 6, 8, 1328, 23129, 0
91.137323, 1.383177, 159861, 0, 7.7, 5, 6, 10, 1475, 11348, 0
92.568894, 1.431571, 141665, 0, 7.6, 5, 6, 10, 1052, 11348, 0
93.797309, 1.228415, 146641, 0, 7.5, 5, 6, 9, 898, 22897, 0
94.957646, 1.160337, 188488, 0, 7.3, 5, 7, 9, 899, 22666, 0
96.526923, 1.569277, 164459, 0, 7.4, 5, 7, 10, 932, 18017, 0
97.99731, 1.470387, 188710, 0, 7.8, 5, 6, 11, 970, 29375, 0
99.512858, 1.515548, 177180, 0, 7.3, 5, 6, 9, 909, 23709, 0
100.985805, 1.472947, 155844, 0, 8.2, 5, 6, 12, 1029, 22621, 0
102.299317, 1.313512, 140812, 0, 8.0, 5, 7, 12, 1070, 22621, 0
103.556623, 1.257306, 154255, 0, 8.0, 5, 7, 11, 1507, 15259, 0
104.870644, 1.314021, 158144, 2, 7.7, 5, 7, 11, 1549, 13453, 0
106.204824, 1.33418, 189493, 0, 7.3, 5, 6, 11, 963, 25616, 0
107.811743, 1.606919, 192085, 0, 7.3, 5, 6, 9, 1321, 14382, 0
109.388766, 1.577023, 163761, 0, 7.0, 5, 6, 9, 1196, 18172, 0
110.700221, 1.311455, 159793, 0, 6.8, 4, 6, 8, 1218, 2627, 0
111.925082, 1.224861, 179347, 0, 7.5, 5, 6, 9, 1362, 37498, 0
113.477938, 1.552856, 162111, 0, 8.2, 5, 7, 10, 1436, 39675, 0
114.878071, 1.400133, 168559, 0, 8.6, 5, 7, 12, 1525, 22456, 0
116.315088, 1.437017, 137694, 0, 7.9, 5, 7, 10, 1377, 21624, 0
117.472307, 1.157219, 166530, 0, 7.5, 5, 7, 9, 1265, 16728, 0
118.889364, 1.417057, 158101, 0, 7.3, 5, 7, 9, 1252, 7335, 0
120.160906, 1.271542, 208346, 0, 7.5, 5, 7, 9, 1358, 34521, 0
121.897704, 1.736798, 151434, 0, 7.8, 5, 7, 9, 1325, 24578, 0
123.112749, 1.215045, 183440, 0, 7.6, 5, 6, 9, 1127, 38646, 0
124.590386, 1.477637, 223951, 0, 9.8, 5, 6, 10, 1026, 626546, 0
126.454922, 1.864536, 172859, 0, 7.8, 5, 7, 11, 938, 41057, 0
127.942225, 1.487303, 151440, 0, 7.7, 5, 6, 12, 982, 6917, 0
129.158481, 1.216256, 205329, 0, 7.5, 5, 6, 10, 907, 19034, 0
130.848429, 1.689948, 134610, 2, 8.1, 5, 7, 12, 1066, 24070, 0
132.038953, 1.190524, 182117, 0, 7.1, 5, 6, 10, 914, 22078, 0
133.498644, 1.459691, 184294, 0, 7.0, 5, 6, 9, 867, 22909, 0
135.040112, 1.541468, 180685, 0, 7.5, 5, 6, 12, 975, 12251, 0
136.53411, 1.493998, 163043, 0, 7.5, 5, 6, 10, 917, 32520, 0
138.101063, 1.566953, 113733, 0, 13.1, 5, 7, 9, 1186, 489743, 0
139.240685, 1.139622, 148045, 0, 8.2, 5, 7, 13, 1041, 24620, 0
140.53218, 1.291495, 160010, 0, 7.2, 5, 7, 11, 937, 10819, 0
141.818836, 1.286656, 156979, 0, 7.2, 5, 7, 10, 890, 5715, 0
143.104297, 1.285461, 197616, 0, 10.1, 5, 7, 12, 1035, 425856, 0
144.840175, 1.735878, 189333, 0, 7.4, 5, 7, 10, 864, 44334, 0
146.334548, 1.494373, 152739, 0, 7.4, 5, 7, 11, 953, 13098, 0
147.675809, 1.341261, 137298, 0, 8.4, 5, 7, 9, 1362, 53480, 0
148.853817, 1.178008, 152881, 0, 7.8, 5, 7, 9, 1586, 10537, 0
150.114248, 1.260431, 185874, 0, 7.9, 5, 7, 10, 1382, 21575, 0
151.687528, 1.57328, 168416, 0, 7.8, 5, 7, 10, 1380, 28628, 0
153.101341, 1.413813, 145510, 0, 8.3, 5, 7, 10, 1278, 28628, 0
154.440895, 1.339554, 172062, 0, 10.6, 5, 7, 11, 1014, 511928, 0
155.805237, 1.364342, 144897, 0, 11.7, 5, 6, 9, 1010, 665104, 0
157.116078, 1.310841, 191028, 0, 7.6, 5, 6, 11, 945, 35233, 0
158.669823, 1.553745, 138793, 0, 7.7, 5, 6, 12, 977, 27181, 0
159.863391, 1.193568, 153559, 0, 7.5, 5, 6, 10, 902, 23599, 0
161.087487, 1.224096, 229846, 0, 7.7, 5, 6, 9, 924, 32306, 0
162.923786, 1.836299, 185411, 0, 7.3, 5, 6, 9, 1371, 16055, 0
164.380135, 1.456349, 147609, 0, 7.2, 5, 6, 9, 1353, 33395, 0
165.649281, 1.269146, 139138, 0, 7.7, 5, 6, 12, 1172, 38229, 0
166.818848, 1.169567, 159742, 0, 6.7, 5, 6, 8, 713, 18528, 0
168.090325, 1.271477, 230852, 0, 7.5, 5, 6, 9, 1316, 28036, 0
169.935317, 1.844992, 192061, 0, 7.4, 5, 6, 8, 1218, 37489, 0
171.481808, 1.546491, 167314, 0, 9.8, 5, 6, 9, 1270, 552780, 0
173.003902, 1.522094, 169206, 0, 7.7, 5, 6, 10, 1391, 16638, 0
174.352189, 1.348287, 146667, 0, 7.3, 5, 6, 10, 1283, 11752, 0
175.6033, 1.251111, 146168, 0, 7.5, 5, 6, 10, 1257, 17926, 0
176.833791, 1.230491, 191599, 0, 7.4, 4, 6, 8, 1193, 34573, 0
178.367746, 1.533955, 164578, 0, 8.0, 5, 6, 10, 1059, 33259, 0
179.792636, 1.42489, 156393, 1, 7.8, 5, 6, 9, 1388, 23827, 0
181.138413, 1.345777, 58452, 0, 8.4, 5, 7, 11, 1574, 42455, 0
182.235095, 1.096682, 0, 2, 7.8, 5, 6, 10, 1433, 5617, 0
