elapsed, window, total, successful, failed
1.001853, 1.001853, 566161, 566161, 0
2.801333, 1.79948, 262793, 262793, 0
3.751881, 0.950548, 243929, 243929, 0
4.778069, 1.026188, 320930, 320930, 0
6.092226, 1.314157, 423411, 423411, 0
7.80552, 1.713294, 328451, 328451, 0
9.056505, 1.250985, 333736, 333736, 0
10.522148, 1.465643, 387987, 387987, 0
12.173569, 1.651421, 497031, 497031, 0
14.070485, 1.896916, 420714, 420714, 0
15.760624, 1.690139, 354552, 354552, 0
17.09906, 1.338436, 455041, 455041, 0
19.083437, 1.984377, 419532, 419532, 0
20.686114, 1.602677, 336892, 336892, 0
21.843042, 1.156928, 306608, 306608, 0
23.140001, 1.296959, 337808, 337808, 0
24.560181, 1.42018, 347977, 347977, 0
26.133577, 1.573396, 475630, 475630, 0
27.935516, 1.801939, 400368, 400368, 0
29.55683, 1.621314, 298726, 298726, 0
30.813251, 1.256421, 373530, 373530, 0
32.305439, 1.492188, 274474, 274474, 0
33.475753, 1.170314, 325800, 325800, 0
34.836356, 1.360603, 353872, 353872, 0
36.224271, 1.387915, 469322, 469322, 0
38.316888, 2.092617, 342095, 342095, 0
39.506251, 1.189363, 321401, 321401, 0
40.789797, 1.283546, 358286, 358286, 0
42.115274, 1.325477, 435362, 435362, 0
43.797299, 1.682025, 348773, 348773, 0
45.345277, 1.547978, 301119, 301119, 0
46.600827, 1.25555, 369327, 369327, 0
48.317289, 1.716462, 305496, 305496, 0
49.355293, 1.038004, 324568, 324568, 0
50.830746, 1.475453, 367049, 367049, 0
52.196576, 1.36583, 361102, 361102, 0
53.871196, 1.67462, 306925, 306925, 0
55.056142, 1.184946, 368187, 368187, 0
56.657545, 1.601403, 350277, 350277, 0
57.982757, 1.325212, 386030, 386030, 0
59.761783, 1.779026, 257485, 257485, 0
60.732695, 0.970912, 306063, 306063, 0
61.976525, 1.24383, 386759, 386759, 0
63.600749, 1.624224, 328917, 328917, 0
65.042825, 1.442076, 356318, 356318, 0
66.461798, 1.418973, 364858, 364858, 0
68.076753, 1.614955, 396886, 396886, 0
69.68589, 1.609137, 293585, 293585, 0
71.075257, 1.389367, 372055, 372055, 0
72.511601, 1.436344, 361832, 361832, 0
74.054201, 1.5426, 473953, 473953, 0
75.837948, 1.783747, 373600, 373600, 0
77.370073, 1.532125, 243243, 243243, 0
78.594951, 1.224878, 236670, 236670, 0
79.681772, 1.086821, 256979, 256979, 0
80.908896, 1.227124, 348400, 348400, 0
82.340468, 1.431572, 298048, 298048, 0
83.506582, 1.166114, 320780, 320780, 0
84.904945, 1.398363, 340709, 340709, 0
86.3078, 1.402855, 248678, 248678, 0
87.309613, 1.001813, 317465, 317465, 0
88.649782, 1.340169, 307058, 307058, 0
89.754146, 1.104364, 316695, 316695, 0
91.137323, 1.383177, 312728, 312728, 0
92.568894, 1.431571, 279729, 279729, 0
93.797309, 1.228415, 300036, 300036, 0
94.957646, 1.160337, 350682, 350682, 0
96.526923, 1.569277, 333452, 333452, 0
97.99731, 1.470387, 386875, 386875, 0
99.512858, 1.515548, 331776, 331776, 0
100.985805, 1.472947, 340220, 340220, 0
102.299317, 1.313512, 281348, 281348, 0
103.556623, 1.257306, 297137, 297137, 0
104.870644, 1.314021, 334027, 334027, 0
106.204824, 1.33418, 353171, 353171, 0
107.811743, 1.606919, 399828, 399828, 0
109.388766, 1.577023, 311185, 311185, 0
110.700221, 1.311455, 349916, 349916, 0
111.925082, 1.224861, 339911, 339911, 0
113.477938, 1.552856, 322805, 322805, 0
114.878071, 1.400133, 347429, 347429, 0
116.315088, 1.437017, 277097, 277097, 0
117.472307, 1.157219, 314828, 314828, 0
118.889364, 1.417057, 335508, 335508, 0
120.160906, 1.271542, 385569, 385569, 0
121.897704, 1.736798, 333726, 333726, 0
123.112749, 1.215045, 352264, 352264, 0
124.590386, 1.477637, 385757, 385757, 0
126.454922, 1.864536, 397850, 397850, 0
127.942225, 1.487303, 329271, 329271, 0
129.158481, 1.216256, 390121, 390121, 0
130.848429, 1.689948, 299254, 299254, 0
132.038953, 1.190524, 336961, 336961, 0
133.498644, 1.459691, 358748, 358748, 0
135.040112, 1.541468, 384512, 384512, 0
136.53411, 1.493998, 309590, 309590, 0
138.101063, 1.566953, 268823, 268823, 0
139.240685, 1.139622, 275461, 275461, 0
140.53218, 1.291495, 294327, 294327, 0
141.818836, 1.286656, 340810, 340810, 0
143.104297, 1.285461, 358616, 358616, 0
144.840175, 1.735878, 393971, 393971, 0
146.334548, 1.494373, 308693, 308693, 0
147.675809, 1.341261, 303383, 303383, 0
148.853817, 1.178008, 302797, 302797, 0
150.114248, 1.260431, 352044, 352044, 0
151.687528, 1.57328, 321602, 321602, 0
153.101341, 1.413813, 319079, 319079, 0
154.440895, 1.339554, 306631, 306631, 0
155.805237, 1.364342, 325824, 325824, 0
157.116078, 1.310841, 366813, 366813, 0
158.669823, 1.553745, 303350, 303350, 0
159.863391, 1.193568, 300851, 300851, 0
161.087487, 1.224096, 420359, 420359, 0
162.923786, 1.836299, 390524, 390524, 0
164.380135, 1.456349, 296481, 296481, 0
165.649281, 1.269146, 297101, 297101, 0
166.818848, 1.169567, 311745, 311745, 0
168.090325, 1.271477, 423625, 423625, 0
169.935317, 1.844992, 405100, 405100, 0
171.481808, 1.546491, 318583, 318583, 0
173.003902, 1.522094, 366459, 366459, 0
174.352189, 1.348287, 287158, 287158, 0
175.6033, 1.251111, 286900, 286900, 0
176.833791, 1.230491, 376125, 376125, 0
178.367746, 1.533955, 322309, 322309, 0
179.792636, 1.42489, 348084, 348084, 0
181.138413, 1.345777, 181345, 181345, 0
182.235095, 1.096682, 0, 0, 0
