elapsed, window, total, successful, failed
1.013995, 1.013995, 259424, 259424, 0
2.697346, 1.683351, 72699, 72699, 0
3.344497, 0.647151, 81952, 81952, 0
4.124063, 0.779566, 90299, 90299, 0
5.088542, 0.964479, 104864, 104864, 0
6.133741, 1.045199, 108323, 108323, 0
7.253512, 1.119771, 101081, 101081, 0
8.145853, 0.892341, 84521, 84521, 0
9.021818, 0.875965, 78662, 78662, 0
10.186322, 1.164504, 74085, 74085, 0
11.04868, 0.862358, 78761, 78761, 0
12.005368, 0.956688, 103276, 103276, 0
13.066063, 1.060695, 88868, 88868, 0
14.010526, 0.944463, 87286, 87286, 0
15.00641, 0.995884, 92572, 92572, 0
16.05722, 1.05081, 79894, 79894, 0
17.006905, 0.949685, 108971, 108971, 0
18.066352, 1.059447, 98677, 98677, 0
19.130712, 1.06436, 96685, 96685, 0
20.185614, 1.054902, 84742, 84742, 0
21.05179, 0.866176, 68518, 68518, 0
22.003826, 0.952036, 89008, 89008, 0
23.008297, 1.004471, 98965, 98965, 0
24.005761, 0.997464, 103243, 103243, 0
25.072982, 1.067221, 102332, 102332, 0
26.184848, 1.111866, 89126, 89126, 0
27.007189, 0.822341, 82430, 82430, 0
28.005869, 0.99868, 125782, 125782, 0
29.327364, 1.321495, 97538, 97538, 0
30.16779, 0.840426, 82841, 82841, 0
31.197429, 1.029639, 96235, 96235, 0
32.274127, 1.076698, 92431, 92431, 0
33.150387, 0.87626, 79385, 79385, 0
34.005384, 0.854997, 82621, 82621, 0
35.005481, 1.000097, 89764, 89764, 0
36.006976, 1.001495, 100937, 100937, 0
37.026064, 1.019088, 88742, 88742, 0
38.007808, 0.981744, 88637, 88637, 0
39.007127, 0.999319, 104365, 104365, 0
40.090034, 1.082907, 99519, 99519, 0
41.183854, 1.09382, 88003, 88003, 0
42.005434, 0.82158, 79117, 79117, 0
43.007646, 1.002212, 102506, 102506, 0
44.111637, 1.103991, 91998, 91998, 0
45.058632, 0.946995, 91265, 91265, 0
46.054675, 0.996043, 89452, 89452, 0
47.01947, 0.964795, 85002, 85002, 0
48.005797, 0.986327, 86198, 86198, 0
49.006418, 1.000621, 94984, 94984, 0
50.006586, 1.000168, 97582, 97582, 0
51.007263, 1.000677, 88698, 88698, 0
52.006163, 0.9989, 88939, 88939, 0
53.004617, 0.998454, 90847, 90847, 0
54.0073, 1.002683, 95254, 95254, 0
55.0065, 0.9992, 93514, 93514, 0
56.006584, 1.000084, 87412, 87412, 0
57.006017, 0.999433, 82312, 82312, 0
58.006333, 1.000316, 99449, 99449, 0
59.00741, 1.001077, 89433, 89433, 0
60.006222, 0.998812, 95101, 95101, 0
61.004567, 0.998345, 99209, 99209, 0
62.018309, 1.013742, 95355, 95355, 0
63.048676, 1.030367, 87105, 87105, 0
64.005281, 0.956605, 92347, 92347, 0
65.006499, 1.001218, 94706, 94706, 0
66.007456, 1.000957, 88876, 88876, 0
67.004531, 0.997075, 94466, 94466, 0
68.008204, 1.003673, 89806, 89806, 0
69.004866, 0.996662, 94077, 94077, 0
70.004163, 0.999297, 89797, 89797, 0
71.002429, 0.998266, 90095, 90095, 0
72.005526, 1.003097, 95404, 95404, 0
73.001763, 0.996237, 89420, 89420, 0
74.004164, 1.002401, 95530, 95530, 0
75.004319, 1.000155, 85325, 85325, 0
76.004956, 1.000637, 102884, 102884, 0
77.014189, 1.009233, 94984, 94984, 0
78.050518, 1.036329, 93475, 93475, 0
79.051465, 1.000947, 91777, 91777, 0
80.035285, 0.98382, 90394, 90394, 0
81.027511, 0.992226, 85243, 85243, 0
82.003933, 0.976422, 86570, 86570, 0
83.003889, 0.999956, 101070, 101070, 0
84.00163, 0.997741, 95577, 95577, 0
85.014317, 1.012687, 88313, 88313, 0
86.004484, 0.990167, 97419, 97419, 0
87.062795, 1.058311, 97550, 97550, 0
88.105422, 1.042627, 95046, 95046, 0
89.118599, 1.013177, 101392, 101392, 0
90.242047, 1.123448, 93346, 93346, 0
91.11011, 0.868063, 83039, 83039, 0
92.178287, 1.068177, 99307, 99307, 0
93.234635, 1.056348, 90288, 90288, 0
94.046699, 0.812064, 81602, 81602, 0
95.022512, 0.975813, 91647, 91647, 0
96.017868, 0.995356, 87915, 87915, 0
97.003041, 0.985173, 95067, 95067, 0
98.004995, 1.001954, 98377, 98377, 0
99.024781, 1.019786, 92672, 92672, 0
100.016699, 0.991918, 91361, 91361, 0
101.009052, 0.992353, 90419, 90419, 0
102.004167, 0.995115, 92029, 92029, 0
103.005272, 1.001105, 95609, 95609, 0
104.005034, 0.999762, 95226, 95226, 0
105.003824, 0.99879, 86722, 86722, 0
106.003509, 0.999685, 96661, 96661, 0
107.0055, 1.001991, 94349, 94349, 0
108.003536, 0.998036, 89807, 89807, 0
109.00563, 1.002094, 90154, 90154, 0
110.003111, 0.997481, 96174, 96174, 0
111.004512, 1.001401, 95156, 95156, 0
112.001959, 0.997447, 94820, 94820, 0
113.005207, 1.003248, 92947, 92947, 0
114.004254, 0.999047, 95587, 95587, 0
115.004895, 1.000641, 95401, 95401, 0
116.00422, 0.999325, 92344, 92344, 0
117.003626, 0.999406, 96595, 96595, 0
118.005563, 1.001937, 97168, 97168, 0
119.061031, 1.055468, 95729, 95729, 0
120.113649, 1.052618, 90398, 90398, 0
121.046007, 0.932358, 88799, 88799, 0
122.00492, 0.958913, 90908, 90908, 0
123.00503, 1.00011, 100583, 100583, 0
124.059392, 1.054362, 94682, 94682, 0
125.016892, 0.9575, 96925, 96925, 0
126.073561, 1.056669, 102601, 102601, 0
127.221488, 1.147927, 85667, 85667, 0
128.002989, 0.781501, 78891, 78891, 0
129.004186, 1.001197, 101934, 101934, 0
130.017137, 1.012951, 91784, 91784, 0
131.006401, 0.989264, 94487, 94487, 0
132.004071, 0.99767, 91480, 91480, 0
133.003637, 0.999566, 99137, 99137, 0
134.031932, 1.028295, 91313, 91313, 0
135.024924, 0.992992, 90299, 90299, 0
136.053156, 1.028232, 87330, 87330, 0
137.004134, 0.950978, 94390, 94390, 0
138.004882, 1.000748, 101160, 101160, 0
139.078328, 1.073446, 95786, 95786, 0
140.079026, 1.000698, 93936, 93936, 0
141.088091, 1.009065, 95231, 95231, 0
142.097882, 1.009791, 96241, 96241, 0
143.117723, 1.019841, 93778, 93778, 0
144.102054, 0.984331, 100784, 100784, 0
145.210633, 1.108579, 87761, 87761, 0
146.00538, 0.794747, 83092, 83092, 0
147.005269, 0.999889, 95775, 95775, 0
148.003485, 0.998216, 95815, 95815, 0
149.016188, 1.012703, 92870, 92870, 0
150.005677, 0.989489, 91074, 91074, 0
151.004937, 0.99926, 94386, 94386, 0
152.007695, 1.002758, 89293, 89293, 0
153.00175, 0.994055, 94441, 94441, 0
154.004286, 1.002536, 96162, 96162, 0
155.002971, 0.998685, 98889, 98889, 0
156.052691, 1.04972, 97873, 97873, 0
157.113234, 1.060543, 95601, 95601, 0
158.096776, 0.983542, 96322, 96322, 0
159.121044, 1.024268, 98330, 98330, 0
160.235259, 1.114215, 86887, 86887, 0
161.006394, 0.771135, 75162, 75162, 0
162.003876, 0.997482, 96694, 96694, 0
163.002682, 0.998806, 94527, 94527, 0
164.004101, 1.001419, 95782, 95782, 0
165.003972, 0.999871, 92487, 92487, 0
166.003077, 0.999105, 100350, 100350, 0
167.003864, 1.000787, 86747, 86747, 0
168.005642, 1.001778, 97206, 97206, 0
169.00435, 0.998708, 89239, 89239, 0
170.005513, 1.001163, 99949, 99949, 0
171.005329, 0.999816, 92186, 92186, 0
172.008081, 1.002752, 86991, 86991, 0
173.004221, 0.99614, 95986, 95986, 0
174.001942, 0.997721, 93679, 93679, 0
175.006524, 1.004582, 92036, 92036, 0
176.003586, 0.997062, 97543, 97543, 0
177.00474, 1.001154, 96010, 96010, 0
178.004284, 0.999544, 92137, 92137, 0
179.003807, 0.999523, 97029, 97029, 0
180.003928, 1.000121, 82208, 82208, 0
181.005627, 1.001699, 95473, 95473, 0
181.881668, 0.876041, 24469, 24469, 0
